5
8
18 19 20 23 27 44 46 49 53 54 56 60 66 69 72 74 79 81 88 90 96 101 107 109 110 112 132 135 137 145
2 4 5 15 18 27 31 34 37 42 50 53 57 62 68 72 77 80 81 84 97 102 103 114 120 129 134 139 147 149
7 13 18 19 24 25 28 35 37 38 50 53 56 67 71 76 77 83 84 85 103 113 114 115 118 123 124 135 142 145 151 155 157 162 169 182 184 193 195 208 210 211 219 223 226 230 231 236 238 239
3 13 19 22 31 36 42 49 55 59 62 64 67 83 85 86 99 105 114 117 125 129 131 133 134 137 139 148 151 155 165 169 174 176 178 182 188 191 198 201 206 207 210 211 220 221 222 241 242 249
10 12 13 17 19 20 24 25 45 52 62 70 79 81 86 91 92 94 97 107 112 116 120 123 129 136 142 162 166 167 171 176 193 194 198 206 207 209 213 214 216 230 231 232 234 235 243 244 245 248 254 257 258 259 260 263 268 273 298 301 302 318 320 325 327 335 338 357 360 367 370 372 373 378 379 382 384 388 389 391 394 402 403 408 410 423 425 429 431 435 444 446 454 466 468 470 471 478 479 481
1 10 23 24 25 27 30 36 39 45 49 51 62 66 79 81 89 91 105 107 110 116 118 120 126 132 138 140 142 144 149 151 162 163 166 167 170 172 186 190 195 205 208 209 211 214 215 219 221 227 232 249 251 256 257 264 268 273 276 281 282 291 307 317 319 328 330 332 334 335 337 354 356 363 368 376 379 381 382 392 396 399 408 409 418 426 427 429 441 442 450 464 470 483 485 491 492 493 495 496
20 26 37 39 41 50 59 72 73 76 80 81 83 85 87 96 101 105 108 110 119 122 125 128 137 138 139 140 147 152 153 160 161 165 172 183 195 196 203 204 213 217 219 229 230 233 235 236 241 242 244 257 266 280 281 284 285 291 296 297 298 299 305 321 326 334 342 347 349 354 359 365 366 396 397 399 400 407 409 419 421 422 446 448 458 469 471 482 487 491 492 494 496 507 510 511 513 519 522 523 529 530 534 540 550 554 557 561 564 568 575 578 587 596 603 605 607 610 615 616 617 620 621 627 636 639 647 650 666 674 681 687 691 698 700 711 721 726 730 736 740 745 748 755 756 758 762 765 772 774 779 784 787 788 791 797 800 801 802 808 810 811 818 822 823 824 827 828 833 838 843 844 845 854 855 857 858 865 867 880 882 883 888 892 898 899 901 908 910 917 921 925 942 944 951 955 959 981 982 984
8 9 12 15 20 28 34 36 40 43 44 49 53 62 66 67 69 70 80 83 88 93 94 96 100 106 110 114 119 127 134 137 138 141 159 165 172 187 190 191 194 203 212 214 221 227 236 240 242 248 249 257 261 264 272 275 279 288 290 296 299 301 313 317 319 324 326 331 333 335 343 344 354 356 359 360 369 382 389 400 401 405 406 424 434 436 440 442 448 450 452 462 463 475 476 479 482 490 493 495 496 516 520 524 526 533 539 542 546 548 550 556 563 569 576 577 579 587 593 598 603 607 608 609 610 612 613 616 619 621 624 627 632 648 653 659 671 677 678 687 697 698 702 706 708 711 718 719 722 728 735 737 746 748 749 755 757 760 765 766 771 781 786 793 797 799 800 811 813 818 819 821 836 838 841 844 845 857 863 864 866 877 888 889 896 903 912 925 928 939 950 953 956 959 963 965 982 986 989 994
