200 100 250
53 83 67 71 99 55 66 39 95 67 95 88 30 36 82 12 89 98 79 94 63 97 23 46 47 44 13 48 18 12 39 84 39 81 81 11 60 98 41 74 97 44 71 94 22 56 80 45 50 51 74 21 53 61 90 36 96 72 52 42 37 66 36 32 72 49 22 51 40 65 91 59 82 65 43 89 81 35 84 63 56 48 30 87 56 44 92 12 81 30 98 28 60 15 85 17 85 97 85 34
21 20 47 38 45 15 86 89 29 72 29 72 29 72 29 72 29 72 29 72 29 72 29 72 29 72 29 72 29 72 29 72 29 72 29 72 29 72 29 72 29 72 29 72 29 72 29 72 29 72 29 72 29 72 29 72 29 72 29 37 88 37 29 72 39 27 39 27 39 27 39 27 39 14 79 74 33 34 13 39 47 23 90 61 38 23 33 84 85 80 15 16 60 77 39 73 75 51 37 12
45 84 83 32 31 62 31 62 31 62 31 62 31 62 31 62 31 62 31 62 31 62 31 62 31 62 31 62 31 62 31 62 31 62 31 62 31 62 31 62 31 62 31 62 31 62 31 62 31 62 31 62 31 62 31 62 31 62 31 88 37 88 31 62 31 62 31 62 31 62 31 62 31 62 31 62 31 62 31 62 31 62 31 62 31 62 31 62 52 30 44 14 63 30 33 71 38 56 80 80
67 80 41 93 62 31 62 31 62 31 62 31 62 31 62 31 62 31 62 31 62 31 62 31 62 31 62 31 62 31 62 31 62 31 62 31 62 31 62 31 62 31 62 31 62 31 62 31 62 31 62 31 62 31 62 31 62 31 62 37 88 37 62 31 62 31 62 31 62 31 62 31 62 31 62 31 62 31 62 31 62 31 62 31 62 31 62 31 59 34 56 39 30 73 57 27 66 57 44 40
50 20 93 41 31 62 31 62 31 62 31 62 31 62 31 62 31 62 31 62 31 62 31 62 31 62 31 62 31 62 31 62 31 62 31 62 31 62 31 62 31 62 31 62 31 62 31 62 31 62 31 62 31 62 31 62 31 62 31 88 37 88 31 62 31 62 31 62 31 62 31 62 31 62 31 62 31 62 31 62 31 62 31 62 31 62 31 62 97 86 29 44 18 47 85 73 36 51 59 33
36 37 41 93 62 31 62 31 62 31 62 31 62 31 62 31 62 31 62 31 62 31 62 31 62 31 62 31 62 31 62 31 49 55 49 55 49 55 49 55 49 55 49 55 49 55 49 55 49 31 62 31 62 31 62 31 62 31 62 37 88 37 62 31 62 31 62 31 62 31 62 31 62 31 62 31 62 31 62 31 62 31 62 31 62 31 62 31 58 87 71 17 81 81 40 61 40 81 17 83
21 84 93 41 31 62 31 62 31 62 31 62 31 62 31 62 31 62 31 62 31 62 31 62 31 62 31 62 31 62 31 62 55 49 55 49 55 49 55 49 55 49 55 49 55 49 55 49 55 62 31 62 31 62 67 86 67 86 31 88 37 88 31 62 31 62 31 62 31 62 31 62 31 62 31 62 31 62 31 62 31 62 31 62 31 62 31 62 82 72 72 69 32 93 85 24 50 72 33 23
49 94 41 93 62 31 62 31 62 31 62 31 62 31 62 31 62 31 62 31 62 31 62 31 62 31 62 31 62 31 62 31 49 55 49 55 49 55 49 55 49 55 49 55 49 55 49 55 49 31 62 31 62 31 86 67 86 67 62 37 88 37 62 31 62 31 62 31 62 31 62 31 62 31 62 31 62 31 62 31 62 31 62 31 62 31 62 31 16 18 98 36 80 78 95 41 54 52 84 37
44 36 93 41 31 62 31 62 31 62 31 62 31 62 31 62 31 62 31 62 31 62 31 62 31 62 31 62 31 62 31 62 55 49 55 49 55 49 55 49 55 49 55 49 55 49 55 49 55 62 31 62 31 62 67 86 67 86 31 88 37 88 31 62 31 62 31 62 31 62 31 62 31 62 31 62 31 62 31 62 31 62 31 62 31 62 31 62 26 72 65 95 19 40 17 15 75 63 91 53
94 68 41 93 62 31 62 31 62 31 62 31 62 31 62 31 62 31 62 31 62 31 62 31 62 31 62 31 62 31 62 31 49 55 49 55 49 55 49 55 49 55 49 55 49 55 49 55 49 31 62 31 62 31 86 67 86 67 62 31 62 31 62 31 62 31 62 31 62 31 62 31 62 31 62 31 62 31 62 31 62 31 62 31 62 31 62 31 79 90 71 90 71 90 71 78 12 85 20 17
23 77 93 41 31 62 31 27 60 27 60 27 60 27 60 27 60 27 60 27 60 27 60 27 60 27 60 27 60 27 60 27 60 27 60 27 60 27 60 27 60 49 55 49 55 49 55 49 55 62 31 62 31 62 67 86 67 86 31 62 31 62 31 62 31 62 31 62 31 62 31 62 31 62 31 62 31 62 31 62 31 62 31 62 31 62 31 62 65 23 65 71 90 71 90 15 93 21 33 72
29 85 41 93 62 31 62 60 27 60 27 60 27 60 27 60 27 60 27 60 27 60 27 60 27 60 27 60 27 60 27 60 27 60 27 60 27 60 27 60 27 55 49 55 49 55 49 55 49 31 62 31 62 31 86 67 86 67 62 31 62 31 62 31 62 31 62 31 62 31 62 31 62 31 62 31 62 31 62 31 62 31 62 31 62 31 62 31 23 65 23 90 71 90 71 59 90 85 27 69
85 29 93 41 31 62 31 27 60 27 60 27 60 27 60 27 60 27 60 27 60 27 60 27 60 27 60 27 60 27 60 27 60 27 60 27 60 27 60 27 60 49 55 49 55 49 55 49 55 62 31 62 31 62 67 86 67 86 31 62 31 62 31 62 31 62 31 62 31 62 31 62 31 62 31 62 31 62 31 62 31 62 31 62 31 62 31 62 65 23 65 71 90 71 90 38 69 19 90 86
29 85 41 93 62 31 62 60 27 60 27 60 27 60 27 60 27 60 27 60 27 60 27 60 27 60 27 60 27 60 27 60 27 60 27 60 27 60 27 60 27 55 49 55 49 55 49 55 49 31 62 31 62 31 86 67 86 67 62 31 62 31 62 31 62 31 62 31 62 31 62 31 62 31 62 61 71 61 71 61 71 31 62 31 62 31 62 31 23 65 23 90 71 90 71 72 11 41 91 26
85 29 93 41 31 62 31 27 60 27 60 27 60 27 60 27 60 27 60 27 60 27 60 27 60 27 60 27 60 27 60 27 60 27 60 27 60 27 60 27 60 49 55 49 55 49 55 49 55 62 31 62 31 62 67 86 67 86 31 62 31 62 31 62 31 62 31 62 31 62 31 62 31 62 31 71 61 71 61 71 61 62 31 62 31 62 31 62 65 23 65 71 90 71 90 27 38 74 29 32
29 85 41 93 62 31 62 60 27 60 27 60 27 60 27 60 27 60 27 60 27 60 27 60 27 60 27 60 27 60 27 60 27 60 27 60 27 60 27 60 27 55 49 55 49 55 49 55 49 31 62 31 62 31 86 67 86 67 62 31 62 31 62 31 62 31 62 31 62 31 62 31 62 31 62 61 71 61 71 61 71 31 62 31 62 31 62 31 86 93 86 93 86 93 86 93 34 65 45 67
85 34 60 34 31 62 31 27 60 27 60 27 60 27 60 27 60 27 60 27 60 27 60 27 60 27 60 27 60 27 60 27 60 27 60 27 60 27 60 27 60 49 55 49 55 49 55 49 55 62 31 62 31 62 67 86 67 86 31 62 31 62 31 62 31 62 31 62 31 62 31 62 31 62 31 71 61 71 61 71 61 62 31 62 31 62 31 62 93 86 93 86 93 86 93 86 91 75 18 30
29 60 34 60 62 31 62 60 27 60 27 60 27 60 27 60 27 60 27 60 27 60 27 60 27 60 27 60 27 60 27 60 27 60 27 60 27 60 27 60 27 55 49 55 49 55 49 55 49 31 62 31 62 31 86 67 86 67 62 31 62 31 62 31 62 31 62 31 62 31 62 31 62 31 62 61 71 61 71 61 71 31 62 31 62 31 62 31 86 93 86 93 86 93 86 93 29 30 91 82
85 34 60 34 31 62 31 27 60 27 60 27 60 27 60 27 60 27 60 27 60 27 60 27 60 27 60 27 60 27 60 27 60 27 60 27 60 27 60 27 60 49 55 49 55 49 55 49 55 62 31 62 31 62 67 86 67 86 31 62 31 62 31 62 31 62 31 62 31 62 31 62 31 62 31 71 61 71 61 71 61 62 31 62 31 62 31 62 93 86 93 86 93 86 93 86 45 99 53 24
29 60 34 60 62 31 62 60 27 60 27 60 27 60 27 60 27 60 27 60 27 60 27 60 27 60 27 60 27 60 27 60 27 60 27 60 27 60 27 60 27 55 49 55 49 55 49 55 49 31 62 31 62 31 86 67 86 67 62 31 62 31 62 31 62 31 62 31 62 31 62 31 62 31 62 61 71 61 71 61 71 31 62 31 62 31 62 31 86 93 86 93 86 93 86 93 99 45 18 32
85 34 60 34 60 34 60 27 60 27 60 27 60 27 60 27 60 27 60 27 60 27 60 27 60 27 60 27 60 27 60 27 60 27 60 27 60 27 60 27 60 49 55 49 55 49 55 49 55 35 98 35 98 69 67 86 67 86 29 69 29 69 93 86 93 86 93 86 76 75 76 75 93 86 93 71 61 71 61 71 61 86 93 86 93 86 93 86 93 86 93 86 93 86 93 86 45 99 69 15
29 60 34 60 34 60 34 60 27 60 27 60 27 60 27 60 27 60 27 60 27 60 27 60 27 60 27 60 27 60 27 60 27 60 27 60 27 60 27 60 27 55 49 55 49 55 49 55 49 98 35 98 35 29 86 67 86 67 69 29 69 29 86 93 86 93 86 93 75 76 75 76 86 93 86 61 71 61 71 61 71 93 86 93 86 93 86 93 86 93 86 93 86 93 86 93 99 45 60 77
85 34 42 92 42 92 42 27 60 27 60 27 60 27 60 27 60 27 60 27 60 27 60 27 60 27 60 27 60 27 60 27 60 27 60 27 60 27 60 27 60 49 55 49 55 49 55 49 55 92 42 92 42 92 67 86 67 86 29 69 29 69 93 86 93 86 93 86 76 75 76 75 93 86 93 71 61 71 61 71 61 86 93 86 93 86 93 86 93 86 93 86 93 86 93 86 45 99 65 29
29 60 92 42 92 42 92 60 27 60 27 60 27 60 27 60 27 60 27 60 27 60 27 60 27 60 27 60 27 60 27 60 27 60 27 60 27 60 27 60 27 55 49 55 49 55 49 55 49 42 92 42 92 42 86 67 86 67 69 29 69 29 86 93 86 93 86 93 75 76 75 76 86 93 86 61 71 61 71 61 71 93 86 93 86 93 86 93 86 93 86 93 86 93 86 93 99 45 43 59
85 34 42 92 42 92 42 27 60 27 60 27 60 27 60 27 60 27 60 27 60 27 60 27 60 27 60 27 60 27 60 27 60 27 60 27 60 27 60 27 60 49 55 49 55 49 55 49 55 92 42 92 42 92 67 86 67 86 29 69 29 69 93 86 93 86 93 86 76 75 76 75 93 86 93 71 61 71 61 71 61 86 93 86 93 86 93 86 93 86 93 86 93 86 93 86 45 99 51 10
29 60 92 42 92 42 92 60 27 60 27 60 27 60 27 60 27 60 27 60 27 60 27 60 27 60 27 60 27 60 27 60 27 60 27 60 27 60 27 60 27 55 49 55 49 55 49 55 49 42 92 42 92 42 86 67 86 67 69 29 69 29 86 93 86 93 86 93 75 76 75 76 86 93 86 61 71 61 71 61 71 93 86 93 86 93 86 93 86 93 86 93 86 93 86 93 99 45 22 56
85 34 42 92 42 92 42 27 60 27 60 27 60 27 60 27 60 27 60 27 60 27 60 27 60 27 60 27 60 27 60 27 60 27 60 27 60 27 60 27 60 49 55 49 55 49 55 49 55 92 42 92 42 92 67 86 67 86 29 69 29 69 93 86 93 86 93 86 76 75 76 75 93 86 93 71 61 71 61 71 61 86 93 86 93 86 93 86 93 86 93 86 93 86 93 86 45 99 79 70
29 60 92 42 92 42 92 60 27 60 27 60 27 60 27 60 27 60 27 60 27 60 27 60 27 60 27 60 27 60 27 60 27 60 27 60 27 60 27 60 27 55 49 55 49 55 49 55 49 42 92 42 92 42 86 67 86 67 69 29 69 29 86 93 86 93 86 93 75 76 75 76 86 93 86 61 71 61 71 61 71 93 86 93 86 93 86 93 86 93 86 93 86 93 86 93 99 45 28 29
85 34 42 92 42 92 42 27 60 27 60 27 60 27 60 27 60 27 60 27 60 27 60 27 60 27 60 27 60 27 60 27 60 27 60 27 60 27 60 27 60 49 55 49 55 49 55 49 55 92 42 92 42 92 67 86 67 86 29 69 29 69 93 86 93 86 93 86 76 75 76 75 93 86 93 71 61 71 61 71 61 86 93 86 93 86 93 86 93 86 93 86 93 86 93 86 45 99 50 51
29 60 92 42 92 42 92 60 27 60 27 60 27 60 27 60 27 60 27 60 27 60 27 60 27 60 27 60 27 60 27 60 27 60 27 60 27 60 27 60 27 55 49 55 49 55 49 55 49 42 92 42 92 42 86 67 86 67 69 29 69 29 86 93 86 93 86 93 75 76 75 76 86 93 86 61 71 61 71 61 71 93 86 93 86 93 86 93 86 93 86 93 86 93 86 93 97 78 97 70
85 34 42 92 42 92 42 27 60 27 60 27 60 27 60 27 60 27 60 27 60 27 60 27 60 27 60 27 60 27 60 27 60 27 60 27 60 27 60 27 60 49 55 49 55 49 55 49 55 92 42 92 42 92 67 86 67 86 29 69 29 69 93 86 93 86 93 86 76 75 76 75 93 86 93 71 61 71 61 71 61 86 93 86 93 86 93 86 93 86 93 86 93 86 93 86 78 97 78 39
29 60 92 42 92 42 92 60 27 60 27 60 27 60 27 60 27 60 27 60 27 60 27 60 27 60 27 60 27 60 27 60 27 60 27 60 27 60 27 60 27 55 49 55 49 55 49 55 49 42 92 42 92 42 86 67 86 67 69 29 69 29 86 93 86 93 86 93 75 76 75 76 86 93 86 61 71 61 71 61 71 93 86 93 86 93 86 93 86 93 86 93 86 93 86 93 97 78 97 34
85 34 42 92 42 92 42 27 60 27 60 27 60 27 60 27 60 27 60 27 60 27 60 27 60 27 60 27 60 27 60 27 60 27 60 27 60 27 60 27 60 18 58 18 58 18 58 18 58 18 58 18 58 18 58 18 58 18 58 18 58 18 58 18 58 18 58 18 58 18 58 18 58 18 58 18 58 18 58 18 58 18 58 18 58 18 58 18 58 18 58 18 58 18 93 86 78 97 78 96
29 60 92 42 92 42 92 60 27 60 27 60 27 60 27 60 27 60 27 60 27 60 27 60 27 60 27 60 27 60 27 60 27 60 27 60 27 60 27 60 27 58 18 58 18 58 18 58 18 58 18 58 18 58 18 58 18 58 18 58 18 58 18 58 18 58 18 58 18 58 18 58 18 58 18 58 18 58 18 58 18 58 18 58 18 58 18 58 18 58 18 58 18 58 86 93 97 78 97 91
85 34 42 92 42 92 42 27 60 27 60 27 60 27 60 27 60 27 60 27 60 27 60 27 60 27 60 27 60 27 60 27 60 27 60 27 60 27 60 27 60 18 58 18 58 18 58 18 58 18 58 18 58 18 58 18 58 18 58 18 58 18 58 18 58 18 58 18 58 18 58 18 58 18 58 18 58 18 58 18 58 18 58 18 58 18 58 18 58 18 58 18 58 18 93 86 78 97 78 92
29 60 92 42 92 42 92 60 27 60 27 60 27 60 27 60 27 60 27 60 27 60 27 60 27 60 27 60 27 60 27 60 27 60 27 60 27 60 27 60 27 58 18 58 18 58 18 58 18 58 18 58 18 58 18 58 18 58 18 58 18 58 18 58 18 58 18 58 18 58 18 58 18 58 18 58 18 58 18 58 18 58 18 58 18 58 18 58 18 58 18 58 18 58 86 93 97 78 97 64
85 34 42 92 42 92 42 27 60 27 60 27 60 27 60 27 60 27 60 27 60 27 60 27 60 27 60 27 60 27 60 27 60 27 60 27 60 27 60 27 60 18 58 18 58 18 58 18 58 18 58 18 58 18 58 18 58 18 58 18 58 18 58 18 58 18 58 18 58 18 58 18 58 18 58 18 58 18 58 18 58 18 58 18 58 18 58 18 58 18 58 18 58 18 93 86 78 97 78 14
29 60 92 42 92 42 92 60 27 60 27 60 27 60 27 60 27 60 27 60 27 60 27 60 27 60 27 60 27 60 27 60 27 60 27 60 27 60 27 60 27 58 18 58 18 58 18 58 18 58 18 58 18 58 18 58 18 58 18 58 18 58 18 58 18 58 18 58 18 58 18 58 18 58 18 58 18 58 18 58 18 58 18 58 18 58 18 58 18 58 18 58 18 58 86 93 54 99 97 57
85 34 42 92 42 92 42 27 60 27 60 27 60 27 60 27 60 27 60 27 60 27 60 27 60 27 60 27 60 27 60 27 60 27 60 27 60 27 60 27 60 18 58 18 58 18 58 18 58 18 58 18 58 18 58 18 58 18 58 18 58 18 58 18 58 18 58 18 58 18 58 18 58 18 58 18 58 18 58 18 58 18 58 18 58 18 58 18 58 18 58 18 58 18 93 86 99 54 78 56
29 60 92 42 92 42 92 60 27 60 27 60 27 60 27 60 27 60 27 60 27 60 27 60 27 60 27 60 27 60 27 60 27 60 27 60 27 60 27 60 27 58 18 58 18 58 18 58 18 58 18 58 18 58 18 58 18 58 18 58 18 58 18 58 18 58 18 58 18 58 18 58 18 58 18 58 18 58 18 58 18 58 18 58 18 58 18 58 18 58 18 58 18 58 86 93 54 99 97 31
85 34 42 92 42 92 42 27 60 27 60 27 60 27 60 27 60 27 60 27 60 27 60 27 60 27 60 27 60 27 60 27 60 27 60 27 60 27 60 27 60 18 58 18 58 18 58 18 58 18 58 18 58 18 58 18 58 18 58 18 58 18 58 18 58 18 58 18 58 18 58 18 58 18 58 18 58 18 58 18 58 18 58 18 58 18 58 18 58 18 58 18 58 18 93 86 99 54 78 29
29 60 92 42 92 42 92 60 27 60 27 60 27 60 27 60 27 60 27 60 27 60 27 60 27 60 27 60 27 60 27 60 27 60 27 60 27 60 27 60 27 58 18 58 18 58 18 58 18 58 18 58 18 58 18 58 18 58 18 58 18 58 18 58 18 58 18 58 18 58 18 58 18 58 18 58 18 58 18 58 18 58 18 58 18 58 18 58 18 58 18 58 18 58 86 93 54 99 97 21
85 34 42 92 42 92 42 27 60 27 60 27 60 27 60 27 60 27 60 27 60 27 60 27 60 27 60 27 60 27 60 27 60 27 60 27 60 27 60 27 60 18 58 18 58 18 58 18 58 18 58 18 58 18 58 18 58 18 58 18 58 18 58 18 58 18 58 18 58 18 58 18 58 18 58 18 58 18 58 18 58 18 58 18 58 18 58 18 58 18 58 18 58 18 93 86 99 54 78 34
29 60 92 42 92 42 92 60 27 60 27 60 27 60 27 60 27 60 27 60 27 60 27 60 27 60 27 60 27 60 27 60 27 60 27 60 27 60 27 60 27 58 18 58 18 58 18 58 18 58 18 58 18 58 18 58 18 58 18 58 18 58 18 58 18 58 18 58 18 58 18 58 18 58 18 58 18 58 18 58 18 58 18 58 18 58 18 58 18 58 18 58 18 58 86 93 54 99 97 27
85 34 42 92 42 92 42 27 60 27 60 27 60 27 60 27 60 27 60 27 60 27 60 27 60 27 60 27 60 27 60 27 60 27 60 27 60 27 60 27 60 18 58 18 58 18 58 18 58 18 58 18 58 18 58 18 58 18 58 18 58 18 58 18 58 18 58 18 58 18 58 18 58 18 58 18 58 18 58 18 58 18 58 18 58 18 58 18 58 18 58 18 58 18 93 86 99 54 78 62
29 60 92 42 92 42 92 60 27 60 27 60 27 60 27 60 27 60 27 60 27 60 27 60 27 60 27 60 27 60 27 60 27 60 27 60 27 60 27 60 27 58 18 58 18 58 18 58 18 58 18 58 18 58 18 58 18 58 18 58 18 58 18 58 18 58 18 58 18 58 18 58 18 58 18 58 18 58 18 58 18 58 18 58 18 58 18 58 18 58 18 58 18 58 86 93 54 99 97 68
85 34 42 92 42 92 42 27 60 27 60 27 60 27 60 27 60 27 60 27 60 27 60 27 60 27 60 27 60 27 60 27 60 27 60 27 60 27 60 27 60 18 58 18 58 18 58 18 58 18 58 18 58 18 58 18 58 18 58 18 58 18 58 18 58 18 58 18 58 18 58 18 58 18 58 18 58 18 58 18 58 18 58 18 58 18 58 18 58 18 58 18 58 18 93 86 99 54 78 78
29 60 92 42 92 42 92 60 27 60 27 60 27 60 27 60 27 60 27 60 27 60 27 60 27 60 27 60 27 60 27 60 27 60 27 60 27 60 27 60 27 58 18 58 18 58 18 58 18 58 18 58 18 58 18 58 18 58 18 58 18 58 18 58 18 58 18 58 18 58 18 58 18 58 18 58 18 58 18 58 18 58 18 58 18 58 18 58 18 58 18 58 18 58 86 93 40 90 40 90
85 34 42 92 42 92 42 27 60 27 60 27 60 27 60 27 60 27 60 27 60 27 60 27 60 27 60 27 60 27 60 27 60 27 60 27 60 27 60 27 60 18 58 18 58 18 58 18 58 18 58 18 58 18 58 18 58 18 58 18 58 18 58 18 58 18 58 18 58 18 58 18 58 18 58 18 58 18 58 18 58 18 58 18 58 18 58 18 58 18 58 18 58 18 93 86 90 40 90 40
29 60 92 42 92 42 92 60 27 60 27 60 27 60 27 60 27 60 27 60 27 60 27 60 27 60 27 60 27 60 27 60 27 60 27 60 27 60 27 60 27 58 18 58 18 58 18 58 18 58 18 58 18 58 18 58 18 58 18 58 18 58 18 58 18 58 18 58 18 58 18 58 18 58 18 58 18 58 18 58 18 58 18 58 18 58 18 58 18 58 18 58 18 58 86 93 40 90 40 90
85 34 42 92 42 92 42 27 60 27 60 27 60 27 60 27 60 27 60 27 60 27 60 27 60 27 60 27 60 27 60 27 60 27 60 27 60 27 60 27 60 18 58 18 58 18 58 18 58 18 58 18 58 18 58 18 58 18 58 18 58 18 58 18 58 18 58 18 58 18 58 18 58 18 58 18 58 18 58 18 58 18 58 18 58 18 58 18 58 18 58 18 58 18 93 86 90 40 90 40
29 60 92 42 92 42 92 60 27 60 27 60 27 60 27 60 27 60 27 60 27 60 27 60 27 60 27 60 27 60 27 60 27 60 27 60 27 60 27 60 27 58 18 58 18 58 18 58 18 58 18 58 18 58 18 58 18 58 18 58 18 58 18 58 18 58 18 58 18 58 18 58 18 58 18 58 18 58 18 58 18 58 18 58 18 58 18 58 18 58 18 58 18 58 86 93 40 90 40 90
85 34 42 92 42 92 42 27 60 27 60 27 60 27 60 27 60 27 60 27 60 27 60 27 60 27 60 27 60 27 60 27 60 27 60 27 60 27 60 27 60 18 58 18 58 18 58 18 58 18 58 18 58 18 58 18 58 18 58 18 58 18 58 18 58 18 58 18 58 18 58 18 58 18 58 18 58 18 58 18 58 18 58 18 58 18 58 18 58 18 58 18 58 18 93 86 90 40 90 40
29 60 92 42 92 42 92 60 27 60 27 60 27 60 27 60 27 60 27 60 27 60 27 60 27 60 27 60 27 60 27 60 27 60 27 60 27 60 27 60 27 58 18 58 18 58 18 58 18 58 18 58 18 58 18 58 18 58 18 58 18 58 18 58 18 58 18 58 18 58 18 58 18 58 18 58 18 58 18 58 18 58 18 58 18 58 18 58 18 58 18 58 18 58 86 93 40 90 40 90
85 34 42 92 42 92 42 27 60 27 60 27 60 27 60 27 60 27 60 27 60 27 60 27 60 27 60 27 60 27 60 27 60 27 60 27 60 27 60 27 60 18 58 18 58 18 58 18 58 18 58 18 58 18 58 18 58 18 58 18 58 18 58 18 58 18 58 18 58 18 58 18 58 18 58 18 58 18 58 18 58 18 58 18 58 18 58 18 58 18 58 18 58 18 93 86 90 40 90 40
29 60 92 42 92 42 92 60 27 60 27 60 27 60 27 60 27 60 27 60 27 60 27 60 27 60 27 60 27 60 27 60 27 60 27 60 27 60 27 60 27 58 18 58 18 58 18 58 18 58 18 58 18 58 18 58 18 58 18 58 18 58 18 58 18 58 18 58 18 58 18 58 18 58 18 58 18 58 18 58 18 58 18 58 18 58 18 58 18 58 18 58 18 58 86 93 40 90 40 90
85 34 42 92 42 92 42 27 60 27 60 27 60 27 60 27 60 27 60 27 60 27 60 27 60 27 60 27 60 27 60 27 60 27 60 27 60 27 60 27 60 18 58 18 58 18 58 18 58 18 58 18 58 18 58 18 58 18 58 18 58 18 58 18 58 18 58 18 58 18 58 18 58 18 58 18 58 18 58 18 58 18 58 18 58 18 58 18 58 18 58 18 58 18 93 86 37 71 37 71
29 60 92 42 92 42 92 60 27 60 27 60 27 60 27 60 27 60 27 60 27 60 27 60 27 60 27 60 27 60 27 60 27 60 27 60 27 60 27 60 27 58 18 58 18 58 18 58 18 58 18 58 18 58 18 58 18 58 18 58 18 58 18 58 18 58 18 58 18 58 18 58 18 58 18 58 18 58 18 58 18 58 18 58 18 58 18 58 18 58 18 58 18 58 86 93 71 37 71 37
85 34 42 92 42 92 42 27 60 27 60 27 60 27 60 27 60 27 60 27 60 27 60 27 60 27 60 27 60 27 60 27 60 27 60 27 60 27 60 27 60 18 58 18 58 18 58 18 58 18 58 18 58 18 58 18 58 18 58 18 58 18 58 18 58 18 58 18 58 18 58 18 58 18 58 18 58 18 58 18 58 18 58 18 58 18 58 18 58 18 58 18 58 18 93 86 37 71 37 71
29 60 92 42 92 42 92 60 27 60 27 60 27 60 27 60 27 60 27 60 27 60 27 60 27 60 27 60 27 60 27 60 27 60 27 60 27 60 27 60 27 58 18 58 18 58 18 58 18 58 18 58 18 58 18 58 18 58 18 58 18 58 18 58 18 58 18 58 18 58 18 58 18 58 18 58 18 58 18 58 18 58 18 58 18 58 18 58 18 58 18 58 18 58 86 93 71 37 71 37
85 34 14 79 14 79 14 27 60 27 60 27 60 27 60 27 60 27 60 27 60 27 60 27 60 27 60 27 60 27 60 27 60 27 60 27 60 27 60 27 60 18 58 18 58 18 58 18 58 18 58 18 58 18 58 18 58 18 58 18 58 18 58 18 58 18 58 18 58 18 58 18 58 18 58 18 58 18 58 18 58 18 58 18 58 18 58 18 58 18 58 18 58 18 93 86 37 71 37 71
29 60 79 14 79 14 79 60 27 60 27 60 27 60 27 60 27 60 27 60 27 60 27 60 27 60 27 60 27 60 27 60 27 60 27 60 27 60 27 60 27 58 18 58 18 58 18 58 18 58 18 58 18 58 18 58 18 58 18 58 18 58 18 58 18 58 18 58 18 58 18 58 18 58 18 58 18 58 18 58 18 58 18 58 18 58 18 58 18 58 18 58 18 58 86 93 71 37 71 37
85 34 14 79 14 79 14 27 60 27 60 27 60 27 60 27 60 27 60 27 60 27 60 27 60 27 60 27 60 27 60 27 60 27 60 27 60 27 60 27 60 18 58 18 58 18 58 18 58 18 58 18 58 18 58 18 58 18 58 18 58 18 58 18 58 18 58 18 58 18 58 18 58 18 58 18 58 18 58 18 58 18 58 18 58 18 58 18 58 18 58 18 58 18 93 86 37 71 37 71
29 60 79 14 79 14 79 60 27 60 27 60 27 60 27 60 27 60 27 60 27 60 27 60 27 60 27 60 27 60 27 60 27 60 27 60 27 60 27 60 27 58 18 58 18 58 18 58 18 58 18 58 18 58 18 58 18 58 18 58 18 58 18 58 18 58 18 58 18 58 18 58 18 58 18 58 18 58 18 58 18 58 18 58 18 58 18 58 18 58 18 58 18 58 86 93 71 37 71 37
85 34 14 79 14 79 14 27 60 27 60 27 60 27 60 27 60 27 60 27 60 27 60 27 60 27 60 27 60 27 60 27 60 27 60 27 60 27 60 27 60 18 58 18 58 18 58 18 58 18 58 18 58 18 58 18 58 18 58 18 58 18 58 18 58 18 58 18 58 18 58 18 58 18 58 18 58 18 58 18 58 18 58 18 58 18 58 18 58 18 58 18 58 18 93 86 37 71 37 71
29 60 79 14 79 14 79 60 27 60 27 60 27 60 27 60 27 60 27 60 27 60 27 60 27 60 27 60 27 60 27 60 27 60 27 60 27 60 27 60 27 58 18 58 18 58 18 58 18 58 18 58 18 58 18 58 18 58 18 58 18 58 18 58 18 58 18 58 18 58 18 58 18 58 18 58 18 58 18 58 18 58 18 58 18 58 18 58 18 58 18 58 18 58 86 93 71 37 71 37
85 34 14 79 14 79 14 27 60 27 60 27 60 27 60 27 60 27 60 27 60 27 60 27 60 27 60 27 60 27 60 27 60 27 60 27 60 27 60 27 60 18 58 18 58 18 58 18 58 18 58 18 58 18 58 18 58 18 58 18 58 18 58 18 58 18 58 18 58 18 58 18 58 18 58 18 58 18 58 18 58 18 58 18 58 18 58 18 58 18 58 18 58 18 93 86 37 71 37 71
29 60 79 14 79 14 79 60 27 60 27 60 27 60 27 60 27 60 27 60 27 60 27 60 27 60 27 60 27 60 27 60 27 60 27 60 27 60 27 60 27 58 18 58 18 58 18 58 18 58 18 58 18 58 18 58 18 58 18 58 18 58 18 58 18 58 18 58 18 58 18 58 18 58 18 58 18 58 18 58 18 58 18 58 18 58 18 58 18 58 18 58 18 58 86 93 71 37 71 37
85 34 14 79 14 79 14 27 60 27 60 27 60 27 60 27 60 27 60 27 60 27 60 27 60 27 60 27 60 27 60 27 60 27 60 27 60 27 60 27 60 18 58 18 58 18 58 18 58 18 58 18 58 18 58 18 58 18 58 18 58 18 58 18 58 18 58 18 58 18 58 18 58 18 58 18 58 18 58 18 58 18 58 18 58 18 58 18 58 18 58 18 58 18 93 86 37 71 37 71
29 60 79 14 79 14 79 60 27 60 27 60 27 60 27 60 27 60 27 60 27 60 27 60 27 60 27 60 27 60 27 60 27 60 27 60 27 60 27 60 27 58 18 58 18 58 18 58 18 58 18 58 18 58 18 58 18 58 18 58 18 58 18 58 18 58 18 58 18 58 18 58 18 58 18 58 18 58 18 58 18 58 18 58 18 58 18 58 18 58 18 58 18 58 86 93 71 37 71 37
85 34 14 79 14 79 14 27 60 27 60 27 60 27 60 27 60 27 60 27 60 27 60 27 60 27 60 27 60 27 60 27 60 27 60 27 60 27 60 27 60 18 58 18 58 18 58 18 58 18 58 18 58 18 58 18 58 18 58 18 58 18 58 18 58 18 58 18 58 18 58 18 58 18 58 18 58 18 58 18 58 18 58 18 58 18 58 18 58 18 58 18 58 18 93 86 37 71 37 71
29 60 79 14 79 14 79 60 27 60 27 60 27 60 27 60 27 60 27 60 27 60 27 60 27 60 27 60 27 60 27 60 27 60 27 60 27 60 27 60 27 58 18 58 18 58 18 58 18 58 18 58 18 58 18 58 18 58 18 58 18 58 18 58 18 58 18 58 18 58 18 58 18 58 18 58 18 58 18 58 18 58 18 58 18 58 18 58 18 58 18 58 18 58 86 93 71 37 71 37
85 34 14 79 14 79 14 27 60 27 60 27 60 27 60 27 60 27 60 27 60 27 60 27 60 27 60 27 60 27 60 27 60 27 60 27 60 27 60 27 60 18 58 18 58 18 58 18 58 18 58 18 58 18 58 18 58 18 58 18 58 18 58 18 58 18 58 18 58 18 58 18 58 18 58 18 58 18 58 18 58 18 58 18 58 18 58 18 58 18 58 18 58 18 93 86 37 71 37 71
29 60 79 14 79 14 79 60 27 60 27 60 27 60 27 60 27 60 27 60 27 60 27 60 27 60 27 60 27 60 27 60 27 60 27 60 27 60 27 60 27 58 18 58 18 58 18 58 18 58 18 58 18 58 18 58 18 58 18 58 18 58 18 58 18 58 18 58 18 58 18 58 18 58 18 58 18 58 18 58 18 58 18 58 18 58 18 58 18 58 18 58 18 58 86 93 71 37 71 37
79 34 14 79 14 79 14 27 60 27 60 27 60 27 60 27 60 27 60 27 60 27 60 27 60 27 60 27 60 27 60 27 60 27 60 27 60 27 60 27 60 18 58 18 58 18 58 18 58 18 58 18 58 18 58 18 58 18 58 18 58 18 58 18 58 18 58 18 58 18 58 18 58 18 58 18 58 18 58 18 58 18 58 18 58 18 58 18 58 18 58 18 58 18 93 86 37 71 37 71
93 60 79 14 79 14 79 60 27 60 27 60 27 60 27 60 27 60 27 60 27 60 27 60 27 60 27 60 27 60 27 60 27 60 27 60 27 60 27 60 27 58 18 58 18 58 18 58 18 58 18 58 18 58 18 58 18 58 18 58 18 58 18 58 18 58 18 58 18 58 18 58 18 58 18 58 18 58 18 58 18 58 18 58 18 58 18 58 18 58 18 58 18 58 86 93 71 37 71 37
79 34 14 79 14 79 14 27 60 27 60 27 60 27 60 27 60 27 60 27 60 27 60 27 60 27 60 27 60 27 60 27 60 27 60 27 60 27 60 27 60 18 58 18 58 18 58 18 58 18 58 18 58 18 58 18 58 18 58 18 58 18 58 18 58 18 58 18 58 18 58 18 58 18 58 18 58 18 58 18 58 18 58 18 58 18 58 18 58 18 58 18 58 18 93 86 37 71 37 71
93 60 79 14 79 14 79 60 27 60 27 60 27 60 27 60 27 60 27 60 27 60 27 60 27 60 27 60 27 60 27 60 27 60 27 60 27 60 27 60 27 58 18 58 18 58 18 58 18 58 18 58 18 58 18 58 18 58 18 58 18 58 18 58 18 58 18 58 18 58 18 58 18 58 18 58 18 58 18 58 18 58 18 58 18 58 18 58 18 58 18 58 18 58 94 51 71 37 71 37
79 34 14 79 14 79 14 27 60 27 60 27 60 27 60 27 60 27 60 27 60 27 60 27 60 27 60 27 60 27 60 27 60 27 60 27 60 27 60 27 60 18 58 18 58 18 58 18 58 18 58 18 58 18 58 18 58 18 58 18 58 18 58 18 58 18 58 18 58 18 58 18 58 18 58 18 58 18 58 18 58 18 58 18 58 18 58 18 58 18 58 18 58 18 51 94 37 71 37 71
93 60 79 14 79 14 79 60 27 60 27 60 27 60 27 60 27 60 27 60 27 60 27 60 27 60 27 60 27 60 27 60 27 60 27 60 27 60 27 60 27 58 18 58 18 58 18 58 18 58 18 58 18 58 18 58 18 58 18 58 18 58 18 58 18 58 18 58 18 58 18 58 18 58 18 58 18 58 18 58 18 58 18 58 18 58 18 58 18 58 18 58 18 58 94 51 71 37 71 37
79 34 14 79 14 79 14 27 60 27 60 27 60 27 60 27 60 27 60 27 60 27 60 27 60 27 60 27 60 27 60 27 60 27 60 27 60 27 60 27 60 18 58 18 58 18 58 18 58 18 58 18 58 18 58 18 58 18 58 18 58 18 58 18 58 18 58 18 58 18 58 18 58 18 58 18 58 18 58 18 58 18 58 18 58 18 58 18 58 18 58 18 58 18 51 94 37 71 37 71
93 60 79 14 79 14 79 60 27 60 27 60 27 60 27 60 27 60 27 60 27 60 27 60 27 60 27 60 27 60 27 60 27 60 27 60 27 60 27 60 27 58 18 58 18 58 18 58 18 58 18 58 18 58 18 58 18 58 18 58 18 58 18 58 18 58 18 58 18 58 18 58 18 58 18 58 18 58 18 58 18 58 18 58 18 58 18 58 18 58 18 58 18 58 94 51 71 37 71 37
79 34 14 79 14 79 14 27 60 27 60 27 60 27 60 27 60 27 60 27 60 27 60 27 60 27 60 27 60 27 60 27 60 27 60 27 60 27 60 27 60 18 58 18 58 18 58 18 58 18 58 18 58 18 58 18 58 18 58 18 58 18 58 18 58 18 58 18 58 18 58 18 58 18 58 18 58 18 58 18 58 18 58 18 58 18 58 18 58 18 58 18 58 18 94 15 94 15 94 15
93 60 79 14 79 14 79 60 27 60 27 60 27 60 27 60 27 60 27 60 27 60 27 60 27 60 27 60 27 60 27 60 27 60 27 60 27 60 27 60 27 58 18 58 18 58 18 58 18 58 18 58 18 58 18 58 18 58 18 58 18 58 18 58 18 58 18 58 18 58 18 58 18 58 18 58 18 58 18 58 18 58 18 58 18 58 18 58 18 58 18 58 18 58 15 94 15 94 15 94
79 34 14 79 14 79 14 27 60 27 60 27 60 27 60 27 60 27 60 27 60 27 60 27 60 27 60 27 60 27 60 27 60 27 60 27 60 27 60 27 60 18 58 18 58 18 58 18 58 18 58 18 58 18 58 18 58 18 58 18 58 18 58 18 58 18 58 18 58 18 58 18 58 18 58 18 58 18 58 18 58 18 58 18 58 18 58 18 58 18 58 18 58 18 94 15 94 15 94 15
93 60 79 14 79 14 79 60 27 60 27 60 27 60 27 60 27 60 27 60 27 60 27 60 27 60 27 60 27 60 27 60 27 60 27 60 27 60 27 60 27 58 18 58 18 58 18 58 18 58 18 58 18 58 18 58 18 58 18 58 18 58 18 58 18 58 18 58 18 58 18 58 18 58 18 58 18 58 18 58 18 58 18 58 18 58 18 58 18 58 18 58 18 58 15 94 15 94 15 94
79 34 14 79 14 79 14 27 60 27 60 27 60 27 60 27 60 27 60 27 60 27 60 27 60 27 60 27 60 27 60 27 60 27 60 27 60 27 60 27 60 18 58 18 58 18 58 18 58 18 58 18 58 18 58 18 58 18 58 18 58 18 58 18 58 18 58 18 58 18 58 18 58 18 58 18 58 18 58 18 58 18 58 18 58 18 58 18 58 18 58 18 58 18 94 15 94 15 94 15
93 60 79 14 79 14 79 60 27 60 27 60 27 60 27 60 27 60 27 60 27 60 27 60 27 60 27 60 27 60 27 60 27 60 27 60 27 60 27 60 27 58 18 58 18 58 18 58 18 58 18 58 18 58 18 58 18 58 18 58 18 58 18 58 18 58 18 58 18 58 18 58 18 58 18 58 18 58 18 58 18 58 18 58 18 58 18 58 18 58 18 58 18 58 15 94 15 94 15 94
79 34 14 79 14 79 14 27 60 27 60 27 60 27 60 27 60 27 60 27 60 27 60 27 60 27 60 27 60 27 60 27 60 27 60 27 60 27 60 27 60 18 58 18 58 18 58 18 58 18 58 18 58 18 58 18 58 18 58 18 58 18 58 18 58 18 58 18 58 18 58 18 58 18 58 18 58 18 58 18 58 18 58 18 58 18 58 18 58 18 58 18 58 18 94 15 94 15 94 15
93 60 79 14 79 14 79 60 27 60 27 60 27 60 27 60 27 60 27 60 27 60 27 60 27 60 27 60 27 60 27 60 27 60 27 60 27 60 27 60 27 58 18 58 18 58 18 58 18 58 18 58 18 58 18 58 18 58 18 58 18 58 18 58 18 58 18 58 18 58 18 58 18 58 18 58 18 58 18 58 18 58 18 58 18 58 18 58 18 58 18 58 18 58 15 94 15 94 15 94
79 34 14 79 14 79 14 27 60 27 60 27 60 27 60 27 60 27 60 27 60 27 60 27 60 27 60 27 60 27 60 27 60 27 60 27 60 27 60 27 60 18 58 18 58 18 58 18 58 18 58 18 58 18 58 18 58 18 58 18 58 18 58 18 58 18 58 18 58 18 58 18 58 18 58 18 58 18 58 18 58 18 58 18 58 18 58 18 58 18 58 18 58 18 94 15 94 15 94 15
93 60 79 14 79 14 79 60 27 60 27 60 27 60 27 60 27 60 27 60 27 60 27 60 27 60 27 60 27 60 27 60 27 60 27 60 27 60 27 60 27 58 18 58 18 58 18 58 18 58 18 58 18 58 18 58 18 58 18 58 18 58 18 58 18 58 18 58 18 58 18 58 18 58 18 58 18 58 18 58 18 58 18 58 18 58 18 58 18 58 18 58 18 58 15 94 15 94 15 94
79 34 14 79 14 79 14 27 60 27 60 27 60 27 60 27 60 27 60 27 60 27 60 27 60 27 60 27 60 27 60 27 60 27 60 27 60 27 60 27 60 18 58 18 58 18 58 18 58 18 58 18 58 18 58 18 58 18 58 18 58 18 58 18 58 18 58 18 58 18 58 18 58 18 58 18 58 18 58 18 58 18 58 18 58 18 58 18 58 18 58 18 58 18 94 15 94 15 94 15
93 60 79 14 79 14 79 60 27 60 27 60 27 60 27 60 27 60 27 60 27 60 27 60 27 60 27 60 27 60 27 60 27 60 27 60 27 60 27 60 27 58 18 58 18 58 18 58 18 58 18 58 18 58 18 58 18 58 18 58 18 58 18 58 18 58 18 58 18 58 18 58 18 58 18 58 18 58 18 58 18 58 18 58 18 58 18 58 18 58 18 58 18 58 15 94 15 94 15 94
79 34 14 79 14 79 14 27 60 27 60 27 60 27 60 27 60 27 60 27 60 27 60 27 60 27 60 27 60 27 60 27 60 27 60 27 60 27 60 27 60 18 58 18 58 18 58 18 58 18 58 18 58 18 58 18 58 18 58 18 58 18 58 18 58 18 58 18 58 18 58 18 58 18 58 18 58 18 58 18 58 18 58 18 58 18 58 18 58 18 58 18 58 18 94 15 94 15 94 15
93 60 79 14 79 14 79 60 27 60 27 60 27 60 27 60 27 60 27 60 27 60 27 60 27 60 27 60 27 60 27 60 27 60 27 60 27 60 27 60 27 58 18 58 18 58 18 58 18 58 18 58 18 58 18 58 18 58 18 58 18 58 18 58 18 58 18 58 18 58 18 58 18 58 18 58 18 58 18 58 18 58 18 58 18 58 18 58 18 58 18 58 18 58 15 94 15 94 15 94
79 34 14 79 14 79 14 27 60 27 60 27 60 27 60 27 60 27 60 27 60 27 60 27 60 27 60 27 60 27 60 27 60 27 60 27 60 27 60 27 60 18 58 18 58 18 58 18 58 18 58 18 58 18 58 18 58 18 58 18 58 18 58 18 58 18 58 18 58 18 58 18 58 18 58 18 58 18 58 18 58 18 58 18 58 18 58 18 58 18 58 18 58 18 94 15 94 15 94 15
93 60 79 14 79 14 79 60 27 60 27 60 27 60 27 60 27 60 27 60 27 60 27 60 27 60 27 60 27 60 27 60 27 60 27 60 27 60 27 60 27 58 18 58 18 58 18 58 18 58 18 58 18 58 18 58 18 58 18 58 18 58 18 58 18 58 18 58 18 58 18 58 18 58 18 58 18 58 18 58 18 58 18 58 18 58 18 58 18 58 18 58 18 58 15 94 15 94 15 94
79 34 14 79 14 79 14 27 60 27 60 27 60 27 60 27 60 27 60 27 60 27 60 27 60 27 60 27 60 27 60 27 60 27 60 27 60 27 60 27 60 18 58 18 58 18 58 18 58 18 58 18 58 18 58 18 58 18 58 18 58 18 58 18 58 18 58 18 58 18 58 18 58 18 58 18 58 18 58 18 58 18 58 18 58 18 58 18 58 18 58 18 58 18 94 15 94 15 94 15
93 60 79 14 79 14 79 60 27 60 27 60 27 60 27 60 27 60 27 60 27 60 27 60 27 60 27 60 27 60 27 60 27 60 27 60 27 60 27 60 27 58 18 58 18 58 18 58 18 58 18 58 18 58 18 58 18 58 18 58 18 58 18 58 18 58 18 58 18 58 18 58 18 58 18 58 18 58 18 58 18 58 18 58 18 58 18 58 18 58 18 58 18 58 15 94 15 94 15 94
79 34 14 79 14 79 14 27 60 27 60 27 60 27 60 27 60 27 60 27 60 27 60 27 60 27 60 27 60 27 60 27 60 27 60 27 60 27 60 27 60 18 58 18 58 18 58 18 58 18 58 18 58 18 58 18 58 18 58 18 58 18 58 18 58 18 58 18 58 18 58 18 58 18 58 18 58 18 58 18 58 18 58 18 58 18 58 18 58 18 58 18 58 18 94 15 94 15 94 15
93 60 79 14 79 14 79 60 27 60 27 60 27 60 27 60 27 60 27 60 27 60 27 60 27 60 27 60 27 60 27 60 27 60 27 60 27 60 27 60 27 58 18 58 18 58 18 58 18 58 18 58 18 58 18 58 18 58 18 58 18 58 18 58 18 58 18 58 18 58 18 58 18 58 18 58 18 58 18 58 18 58 18 58 18 58 18 58 18 58 18 58 18 58 15 94 15 94 15 94
79 34 14 79 14 79 14 27 60 27 60 27 60 27 60 27 60 27 60 27 60 27 60 27 60 27 60 27 60 27 60 27 60 27 60 27 60 27 60 27 60 18 58 18 58 18 58 18 58 18 58 18 58 18 58 18 58 18 58 18 58 18 58 18 58 18 58 18 58 18 58 18 58 18 58 18 58 18 58 18 58 18 58 18 58 18 58 18 58 18 58 18 58 18 94 15 94 15 94 15
93 60 79 14 79 14 79 60 27 60 27 60 27 60 27 60 27 60 27 60 27 60 27 60 27 60 27 60 27 60 27 60 27 60 27 60 27 60 27 60 27 58 18 58 18 58 18 58 18 58 18 58 18 58 18 58 18 58 18 58 18 58 18 58 18 58 18 58 18 58 18 58 18 58 18 58 18 58 18 58 18 58 18 58 18 58 18 58 18 58 18 58 18 58 15 94 15 94 15 94
79 34 14 79 14 79 14 27 60 27 60 27 60 27 60 27 60 27 60 27 60 27 60 27 60 27 60 27 60 27 60 27 60 27 60 27 60 27 60 27 60 18 58 18 58 18 58 18 58 18 58 18 58 18 58 18 58 18 58 18 58 18 58 18 58 18 58 18 58 18 58 18 58 18 58 18 58 18 58 18 58 18 58 18 58 18 58 18 58 18 58 18 58 18 94 15 94 15 94 15
93 60 79 14 79 14 79 60 27 60 27 60 27 60 27 60 27 60 27 60 27 60 27 60 27 60 27 60 27 60 27 60 27 60 27 60 27 60 27 60 27 58 18 58 18 58 18 58 18 58 18 58 18 58 18 58 18 58 18 58 18 58 18 58 18 58 18 58 18 58 18 58 18 58 18 58 18 58 18 58 18 58 18 58 18 58 18 58 18 58 18 58 18 58 15 94 15 94 15 94
79 34 14 79 14 79 14 27 60 27 60 27 60 27 60 27 60 27 60 27 60 27 60 27 60 27 60 27 60 27 60 27 60 27 60 27 60 27 60 27 60 18 58 18 58 18 58 18 58 18 58 18 58 18 58 18 58 18 58 18 58 18 58 18 58 18 58 18 58 18 58 18 58 18 58 18 58 18 58 18 58 18 58 18 58 18 58 18 58 18 58 18 58 18 94 15 94 15 94 15
93 60 79 14 79 14 79 60 27 60 27 60 27 60 27 60 27 60 27 60 27 60 27 60 27 60 27 60 27 60 27 60 27 60 27 60 27 60 27 60 27 58 18 58 18 58 18 58 18 58 18 58 18 58 18 58 18 58 18 58 18 58 18 58 18 58 18 58 18 58 18 58 18 58 18 58 18 58 18 58 18 58 18 58 18 58 18 58 18 58 18 58 18 58 15 94 15 94 15 94
79 34 14 79 14 79 14 27 60 27 60 27 60 27 60 27 60 27 60 27 60 27 60 27 60 27 60 27 60 27 60 27 60 27 60 27 60 27 60 27 60 18 58 18 58 18 58 18 58 18 58 18 58 18 58 18 58 18 58 18 58 18 58 18 58 18 58 18 58 18 58 18 58 18 58 18 58 18 58 18 58 18 58 18 58 18 58 18 58 18 58 18 58 18 94 15 94 15 94 15
93 60 79 14 79 14 79 60 27 60 27 60 27 60 27 60 27 60 27 60 27 60 27 60 27 60 27 60 27 60 27 60 27 60 27 60 27 60 27 60 27 58 18 58 18 58 18 58 18 58 18 58 18 58 18 58 18 58 18 58 18 58 18 58 18 58 18 58 18 58 18 58 18 58 18 58 18 58 18 58 18 58 18 58 18 58 18 58 18 58 18 58 18 58 15 94 15 94 15 94
79 34 14 79 14 79 14 27 60 27 60 27 60 27 60 27 60 27 60 27 60 27 60 27 60 27 60 27 60 27 60 27 60 27 60 27 60 27 60 27 60 18 58 18 58 18 58 18 58 18 58 18 58 18 58 18 58 18 58 18 58 18 58 18 58 18 58 18 58 18 58 18 58 18 58 18 58 18 58 18 58 18 58 18 58 18 58 18 58 18 58 18 58 18 94 15 94 15 94 15
93 60 79 14 79 14 79 60 27 60 27 60 27 60 27 60 27 60 27 60 27 60 27 60 27 60 27 60 27 60 27 60 27 60 27 60 27 60 27 60 27 58 18 58 18 58 18 58 18 58 18 58 18 58 18 58 18 58 18 58 18 58 18 58 18 58 18 58 18 58 18 58 18 58 18 58 18 58 18 58 18 58 18 58 18 58 18 58 18 58 18 58 18 58 15 94 15 94 15 94
79 34 14 79 14 79 14 27 60 27 60 27 60 27 60 27 60 27 60 27 60 27 60 27 60 27 60 27 60 27 60 27 60 27 60 27 60 27 60 27 60 18 58 18 58 18 58 18 58 18 58 18 58 18 58 18 58 18 58 18 58 18 58 18 58 18 58 18 58 18 58 18 58 18 58 18 58 18 58 18 58 18 58 18 58 18 58 18 58 18 58 18 58 18 94 15 94 15 94 15
93 79 79 14 79 14 79 60 27 60 27 60 27 60 27 60 27 60 27 60 27 60 27 60 27 60 27 60 27 60 27 60 27 60 27 60 27 60 27 60 27 58 18 58 18 58 18 58 18 58 18 58 18 58 18 58 18 58 18 58 18 58 18 58 18 58 18 58 18 58 18 58 18 58 18 58 18 58 18 58 18 58 18 58 18 58 18 58 18 58 18 58 18 58 15 94 15 94 15 94
79 93 14 79 14 79 14 27 60 27 60 27 60 27 60 27 60 27 60 27 60 27 60 27 60 27 60 27 60 27 60 27 60 27 60 27 60 27 60 27 60 18 58 18 58 18 58 18 58 18 58 18 58 18 58 18 58 18 58 18 58 18 58 18 58 18 58 18 58 18 58 18 58 18 58 18 58 18 58 18 58 18 58 18 58 18 58 18 58 18 58 18 58 18 94 15 94 15 94 15
93 79 79 14 79 14 79 60 27 60 27 60 27 60 27 60 27 60 27 60 27 60 27 60 27 60 27 60 27 60 27 60 27 60 27 60 27 60 27 60 27 58 18 58 18 58 18 58 18 58 18 58 18 58 18 58 18 58 18 58 18 58 18 58 18 58 18 58 18 58 18 58 18 58 18 58 18 58 18 58 18 58 18 58 18 58 18 58 18 58 18 58 18 58 15 94 15 94 15 94
79 93 14 79 14 79 14 27 60 27 60 27 60 27 60 27 60 27 60 27 60 27 60 27 60 27 60 27 60 27 60 27 60 27 60 27 60 27 60 27 60 18 58 18 58 18 58 18 58 18 58 18 58 18 58 18 58 18 58 18 58 18 58 18 58 18 58 18 58 18 58 18 58 18 58 18 58 18 58 18 58 18 58 18 58 18 58 18 58 18 58 18 58 18 94 15 94 15 94 15
93 79 79 14 79 14 79 60 27 60 27 60 27 60 27 60 27 60 27 60 27 60 27 60 27 60 27 60 27 60 27 60 27 60 27 60 27 60 27 60 27 58 18 58 18 58 18 58 18 58 18 58 18 58 18 58 18 58 18 58 18 58 18 58 18 58 18 58 18 58 18 58 18 58 18 58 18 58 18 58 18 58 18 58 18 58 18 58 18 58 18 58 18 58 15 94 15 94 15 94
79 93 14 79 14 79 14 27 60 27 60 27 60 27 60 27 60 27 60 27 60 27 60 27 60 27 60 27 60 27 60 27 60 27 60 27 60 27 60 27 60 18 58 18 58 18 58 18 58 18 58 18 58 18 58 18 58 18 58 18 58 18 58 18 58 18 58 18 58 18 58 18 58 18 58 18 58 18 58 18 58 18 58 18 58 18 58 18 58 18 58 18 58 18 94 15 94 15 94 15
93 79 79 14 79 14 79 60 27 60 27 60 27 60 27 60 27 60 27 60 27 60 27 60 27 60 27 60 27 60 27 60 27 60 27 60 27 60 27 60 27 58 18 58 18 58 18 58 18 58 18 58 18 58 18 58 18 58 18 58 18 58 18 58 18 58 18 58 18 58 18 58 18 58 18 58 18 58 18 58 18 58 18 58 18 58 18 58 18 58 18 58 18 58 67 20 67 20 67 20
79 93 14 79 14 79 14 27 60 27 60 27 60 27 60 27 60 27 60 27 60 27 60 27 60 27 60 27 60 27 60 27 60 27 60 27 60 27 60 27 60 18 58 18 58 18 58 18 58 18 58 18 58 18 58 18 58 18 58 18 58 18 58 18 58 18 58 18 58 18 58 18 58 18 58 18 58 18 58 18 58 18 58 18 58 18 58 18 58 18 58 18 58 18 20 67 20 67 20 67
93 79 79 14 79 14 79 60 27 60 27 60 27 60 27 60 27 60 27 60 27 60 27 60 27 60 27 60 27 60 27 60 27 60 27 60 27 60 27 60 27 58 18 58 18 58 18 58 18 58 18 58 18 58 18 58 18 58 18 58 18 58 18 58 18 58 18 58 18 58 18 58 18 58 18 58 18 58 18 58 18 58 18 58 18 58 18 58 18 58 18 58 18 58 67 20 67 20 67 20
79 93 14 79 14 79 14 27 60 27 60 27 60 27 60 27 60 27 60 27 60 27 60 27 60 27 60 27 60 27 60 27 60 27 60 27 60 27 60 27 60 18 58 18 58 18 58 18 58 18 58 18 58 18 58 18 58 18 58 18 58 18 58 18 58 18 58 18 58 18 58 18 58 18 58 18 58 18 58 18 58 18 58 18 58 18 58 18 58 18 58 18 58 18 20 67 20 67 20 67
93 79 79 14 79 14 79 60 27 60 27 60 27 60 27 60 27 60 27 60 27 60 27 60 27 60 27 60 27 60 27 60 27 60 27 60 27 60 27 60 27 58 18 58 18 58 18 58 18 58 18 58 18 58 18 58 18 58 18 58 18 58 18 58 18 58 18 58 18 58 18 58 18 58 18 58 18 58 18 58 18 58 18 58 18 58 18 58 18 58 18 58 18 58 67 20 67 20 67 20
79 93 14 79 14 79 14 27 60 27 60 27 60 27 60 27 60 27 60 27 60 27 60 27 60 27 60 27 60 27 60 27 60 27 60 27 60 27 60 27 60 18 58 18 58 18 58 18 58 18 58 18 58 18 58 18 58 18 58 18 58 18 58 18 58 18 58 18 58 18 58 18 58 18 58 18 58 18 58 18 58 18 58 18 58 18 58 18 58 18 58 18 58 18 20 67 20 67 20 67
93 79 92 42 92 42 92 60 27 60 27 60 27 60 27 60 27 60 27 60 27 60 27 60 27 60 27 60 27 60 27 60 27 60 27 60 27 60 27 60 27 58 18 58 18 58 18 58 18 58 18 58 18 58 18 58 18 58 18 58 18 58 18 58 18 58 18 58 18 58 18 58 18 58 18 58 18 58 18 58 18 58 18 58 18 58 18 58 18 58 18 58 18 58 67 20 67 20 67 20
79 93 42 92 42 92 42 27 60 27 60 27 60 27 60 27 60 27 60 27 60 27 60 27 60 27 60 27 60 27 60 27 60 27 60 27 60 27 60 27 60 18 58 18 58 18 58 18 58 18 58 18 58 18 58 18 58 18 58 18 58 18 58 18 58 18 58 18 58 18 58 18 58 18 58 18 58 18 58 18 58 18 58 18 58 18 58 18 58 18 58 18 58 18 20 67 20 67 20 67
93 79 92 42 92 42 92 60 27 60 27 60 27 60 27 60 27 60 27 60 27 60 27 60 27 60 27 60 27 60 27 60 27 60 27 60 27 60 27 60 27 58 18 58 18 58 18 58 18 58 18 58 18 58 18 58 18 58 18 58 18 58 18 58 18 58 18 58 18 58 18 58 18 58 18 58 18 58 18 58 18 58 18 58 18 58 18 58 18 58 18 58 18 58 94 51 71 37 71 37
79 93 42 92 42 92 42 27 60 27 60 27 60 27 60 27 60 27 60 27 60 27 60 27 60 27 60 27 60 27 60 27 60 27 60 27 60 27 60 27 60 18 58 18 58 18 58 18 58 18 58 18 58 18 58 18 58 18 58 18 58 18 58 18 58 18 58 18 58 18 58 18 58 18 58 18 58 18 58 18 58 18 58 18 58 18 58 18 58 18 58 18 58 18 51 94 37 71 37 71
93 79 92 42 92 42 92 60 27 60 27 60 27 60 27 60 27 60 27 60 27 60 27 60 27 60 27 60 27 60 27 60 27 60 27 60 27 60 27 60 27 58 18 58 18 58 18 58 18 58 18 58 18 58 18 58 18 58 18 58 18 58 18 58 18 58 18 58 18 58 18 58 18 58 18 58 18 58 18 58 18 58 18 58 18 58 18 58 18 58 18 58 18 58 94 51 71 37 71 37
79 93 42 92 42 92 42 27 60 27 60 27 60 27 60 27 60 27 60 27 60 27 60 27 60 27 60 27 60 27 60 27 60 27 60 27 60 27 60 27 60 18 58 18 58 18 58 18 58 18 58 18 58 18 58 18 58 18 58 18 58 18 58 18 58 18 58 18 58 18 58 18 58 18 58 18 58 18 58 18 58 18 58 18 58 18 58 18 58 18 58 18 58 18 51 94 37 71 37 71
93 79 92 42 92 42 92 60 27 60 27 60 27 60 27 60 27 60 27 60 27 60 27 60 27 60 27 60 27 60 27 60 27 60 27 60 27 60 27 60 27 58 18 58 18 58 18 58 18 58 18 58 18 58 18 58 18 58 18 58 18 58 18 58 18 58 18 58 18 58 18 58 18 58 18 58 18 58 18 58 18 58 18 58 18 58 18 58 18 58 18 58 18 58 94 51 71 37 71 37
79 93 42 92 42 92 42 27 60 27 60 27 60 27 60 27 60 27 60 27 60 27 60 27 60 27 60 27 60 27 60 27 60 27 60 27 60 27 60 27 60 18 58 18 58 18 58 18 58 18 58 18 58 18 58 18 58 18 58 18 58 18 58 18 58 18 58 18 58 18 58 18 58 18 58 18 58 18 58 18 58 18 58 18 58 18 58 18 58 18 58 18 58 18 51 94 37 71 37 71
93 79 92 42 92 42 92 60 27 60 27 60 27 60 27 60 27 60 27 60 27 60 27 60 27 60 27 60 27 60 27 60 27 60 27 60 27 60 27 60 27 58 18 58 18 58 18 58 18 58 18 58 18 58 18 58 18 58 18 58 18 58 18 58 18 58 18 58 18 58 18 58 18 58 18 58 18 58 18 58 18 58 18 58 18 58 18 58 18 58 18 58 18 58 94 51 71 37 71 37
79 93 42 92 42 92 42 27 60 27 60 27 60 27 60 27 60 27 60 27 60 27 60 27 60 27 60 27 60 27 60 27 60 27 60 27 60 27 60 27 60 18 58 18 58 18 58 18 58 18 58 18 58 18 58 18 58 18 58 18 58 18 58 18 58 18 58 18 58 18 58 18 58 18 58 18 58 18 58 18 58 18 58 18 58 18 58 18 58 18 58 18 58 18 51 94 37 71 37 71
93 79 92 42 92 42 92 60 27 60 27 60 27 60 27 60 27 60 27 60 27 60 27 60 27 60 27 60 27 60 27 60 27 60 27 60 27 60 27 60 27 58 18 58 18 58 18 58 18 58 18 58 18 58 18 58 18 58 18 58 18 58 18 58 18 58 18 58 18 58 18 58 18 58 18 58 18 58 18 58 18 58 18 58 18 58 18 58 18 58 18 58 18 58 94 51 71 37 71 37
79 93 42 92 42 92 42 27 60 27 60 27 60 27 60 27 60 27 60 27 60 27 60 27 60 27 60 27 60 27 60 27 60 27 60 27 60 27 60 27 60 18 58 18 58 18 58 18 58 18 58 18 58 18 58 18 58 18 58 18 58 18 58 18 58 18 58 18 58 18 58 18 58 18 58 18 58 18 58 18 58 18 58 18 58 18 58 18 58 18 58 18 58 18 51 94 37 71 37 71
93 79 92 42 92 42 92 60 27 60 27 60 27 60 27 60 27 60 27 60 27 60 27 60 27 60 27 60 27 60 27 60 27 60 27 60 27 60 27 60 27 58 18 58 18 58 18 58 18 58 18 58 18 58 18 58 18 58 18 58 18 58 18 58 18 58 18 58 18 58 18 58 18 58 18 58 18 58 18 58 18 58 18 58 18 58 18 58 18 58 18 58 18 58 94 51 71 37 71 37
79 93 42 92 42 92 42 27 60 27 60 27 60 27 60 27 60 27 60 27 60 27 60 27 60 27 60 27 60 27 60 27 60 27 60 27 60 27 60 27 60 18 58 18 58 18 58 18 58 18 58 18 58 18 58 18 58 18 58 18 58 18 58 18 58 18 58 18 58 18 58 18 58 18 58 18 58 18 58 18 58 18 58 18 58 18 58 18 58 18 58 18 58 18 51 94 37 71 37 71
93 79 92 42 92 42 92 60 27 60 27 60 27 60 27 60 27 60 27 60 27 60 27 60 27 60 27 60 27 60 27 60 27 60 27 60 27 60 27 60 27 58 18 58 18 58 18 58 18 58 18 58 18 58 18 58 18 58 18 58 18 58 18 58 18 58 18 58 18 58 18 58 18 58 18 58 18 58 18 58 18 58 18 58 18 58 18 58 18 58 18 58 18 58 94 51 71 37 71 37
79 93 42 92 42 92 42 27 60 27 60 27 60 27 60 27 60 27 60 27 60 27 60 27 60 27 60 27 60 27 60 27 60 27 60 27 60 27 60 27 60 18 58 18 58 18 58 18 58 18 58 18 58 18 58 18 58 18 58 18 58 18 58 18 58 18 58 18 58 18 58 18 58 18 58 18 58 18 58 18 58 18 58 18 58 18 58 18 58 18 58 18 58 18 51 94 37 71 37 71
93 79 92 42 92 42 92 60 27 60 27 60 27 60 27 60 27 60 27 60 27 60 27 60 27 60 27 60 27 60 27 60 27 60 27 60 27 60 27 60 27 58 18 58 18 58 18 58 18 58 18 58 18 58 18 58 18 58 18 58 18 58 18 58 18 58 18 58 18 58 18 58 18 58 18 58 18 58 18 58 18 58 18 58 18 58 18 58 18 58 18 58 18 58 94 51 71 37 71 37
79 93 42 92 42 92 42 27 60 27 60 27 60 27 60 27 60 27 60 27 60 27 60 27 60 27 60 27 60 27 60 27 60 27 60 27 60 27 60 27 60 18 58 18 58 18 58 18 58 18 58 18 58 18 58 18 58 18 58 18 58 18 58 18 58 18 58 18 58 18 58 18 58 18 58 18 58 18 58 18 58 18 58 18 58 18 58 18 58 18 58 18 58 18 29 57 37 71 37 71
32 75 92 42 92 42 92 60 27 60 27 60 27 60 27 60 27 60 27 60 27 60 27 60 27 60 27 60 27 60 27 60 27 60 27 60 27 60 27 60 27 58 18 58 18 58 18 58 18 58 18 58 18 58 18 58 18 58 18 58 18 58 18 58 18 58 18 58 18 58 18 58 18 58 18 58 18 58 18 58 18 58 18 58 18 58 18 58 18 58 18 58 18 58 57 29 71 37 71 37
75 32 42 92 42 92 42 27 60 27 60 27 60 27 60 27 60 27 60 27 60 27 60 27 60 27 60 27 60 27 60 27 60 27 60 27 60 27 60 27 60 18 58 18 58 18 58 18 58 18 58 18 58 18 58 18 58 18 58 18 58 18 58 18 58 18 58 18 58 18 58 18 58 18 58 18 58 18 58 18 58 18 58 18 58 18 58 18 58 18 58 18 58 18 29 57 37 71 37 71
32 75 92 42 92 42 92 60 27 60 27 60 27 60 27 60 27 60 27 60 27 60 27 60 27 60 27 60 27 60 27 60 27 60 27 60 27 60 27 60 27 58 18 58 18 58 18 58 18 58 18 58 18 58 18 58 18 58 18 58 18 58 18 58 18 58 18 58 18 58 18 58 18 58 18 58 18 58 18 58 18 58 18 58 18 58 18 58 18 58 18 58 18 58 57 29 71 37 71 37
75 32 42 92 42 92 42 27 60 27 60 27 60 27 60 27 60 27 60 27 60 27 60 27 60 27 60 27 60 27 60 27 60 27 60 27 60 27 60 27 60 18 58 18 58 18 58 18 58 18 58 18 58 18 58 18 58 18 58 18 58 18 58 18 58 18 58 18 58 18 58 18 58 18 58 18 58 18 58 18 58 18 58 18 58 18 58 18 58 18 58 18 58 18 29 57 37 71 37 71
32 75 92 42 92 42 92 60 27 60 27 60 27 60 27 60 27 60 27 60 27 60 27 60 27 60 27 60 27 60 27 60 27 60 27 60 27 60 27 60 27 58 18 58 18 58 18 58 18 58 18 58 18 58 18 58 18 58 18 58 18 58 18 58 18 58 18 58 18 58 18 58 18 58 18 58 18 58 18 58 18 58 18 58 18 58 18 58 18 58 18 58 18 58 57 29 71 37 71 37
75 32 42 92 42 92 42 27 60 27 60 27 60 27 60 27 60 27 60 27 60 27 60 27 60 27 60 27 60 27 60 27 60 27 60 27 60 27 60 27 60 18 58 18 58 18 58 18 58 18 58 18 58 18 58 18 58 18 58 18 58 18 58 18 58 18 58 18 58 18 58 18 58 18 58 18 58 18 58 18 58 18 58 18 58 18 58 18 58 18 58 18 58 18 29 57 37 71 37 71
32 75 92 42 92 42 92 60 27 60 27 60 27 60 27 60 27 60 27 60 27 60 27 60 27 60 27 60 27 60 27 60 27 60 27 60 27 60 27 60 27 58 18 58 18 58 18 58 18 58 18 58 18 58 18 58 18 58 18 58 18 58 18 58 18 58 18 58 18 58 18 58 18 58 18 58 18 58 18 58 18 58 18 58 18 58 18 58 18 58 18 58 18 58 77 60 77 60 71 37
75 32 42 92 42 92 42 27 60 27 60 27 60 27 60 27 60 27 60 27 60 27 60 27 60 27 60 27 60 27 60 27 60 27 60 27 60 27 60 27 60 18 58 18 58 18 58 18 58 18 58 18 58 18 58 18 58 18 58 18 58 18 58 18 58 18 58 18 58 18 58 18 58 18 58 18 58 18 58 18 58 18 58 18 58 18 58 18 58 18 58 18 58 18 60 77 60 77 37 71
32 75 92 42 92 42 92 60 27 60 27 60 27 60 27 60 27 60 27 60 27 60 27 60 27 60 27 60 27 60 27 60 27 60 27 60 27 60 27 60 27 58 18 58 18 58 18 58 18 58 18 58 18 58 18 58 18 58 18 58 18 58 18 58 18 58 18 58 18 58 18 58 18 58 18 58 18 58 18 58 18 58 18 58 18 58 18 58 18 58 18 58 18 58 77 60 77 60 71 37
75 32 42 92 42 92 42 27 60 27 60 27 60 27 60 27 60 27 60 27 60 27 60 27 60 27 60 27 60 27 60 27 60 27 60 27 60 27 60 27 60 18 58 18 58 18 58 18 58 18 58 18 58 18 58 18 58 18 58 18 58 18 58 18 58 18 58 18 58 18 58 18 58 18 58 18 58 18 58 18 58 18 58 18 58 18 58 18 58 18 58 18 58 18 60 77 60 77 37 71
32 75 92 42 92 42 92 60 27 60 27 60 27 60 27 60 27 60 27 60 27 60 27 60 27 60 27 60 27 60 27 60 27 60 27 60 27 60 27 60 27 58 18 58 18 58 18 58 18 58 18 58 18 58 18 58 18 58 18 58 18 58 18 58 18 58 18 58 18 58 18 58 18 58 18 58 18 58 18 58 18 58 18 58 18 58 18 58 18 58 18 58 18 58 77 60 77 60 71 37
75 32 42 92 42 92 42 27 60 27 60 27 60 27 60 27 60 27 60 27 60 27 60 27 60 27 60 27 60 27 60 27 60 27 60 27 60 27 60 27 60 18 58 18 58 18 58 18 58 18 58 18 58 18 58 18 58 18 58 18 58 18 58 18 58 18 58 18 58 18 58 18 58 18 58 18 58 18 58 18 58 18 58 18 58 18 58 18 58 18 58 18 58 18 60 77 60 77 37 71
32 75 92 42 92 42 92 60 27 60 27 60 27 60 27 60 27 60 27 60 27 60 27 60 27 60 27 60 27 60 27 60 27 60 27 60 27 60 27 60 27 58 18 58 18 58 18 58 18 58 18 58 18 58 18 58 18 58 18 58 18 58 18 58 18 58 18 58 18 58 18 58 18 58 18 58 18 58 18 58 18 58 18 58 18 58 18 58 18 58 18 58 18 58 77 60 77 60 71 37
75 32 42 92 42 92 42 27 60 27 60 27 60 27 60 27 60 27 60 27 60 27 60 27 60 27 60 27 60 27 60 27 60 27 60 27 60 27 60 27 60 18 58 18 58 18 58 18 58 18 58 18 58 18 58 18 58 18 58 18 58 18 58 18 58 18 58 18 58 18 58 18 58 18 58 18 58 18 58 18 58 18 58 18 58 18 58 18 58 18 58 18 58 18 60 77 60 77 37 71
32 75 92 42 92 42 92 60 27 60 27 60 27 60 27 60 27 60 27 60 27 60 27 60 27 60 27 60 27 60 27 60 27 60 27 60 27 60 27 60 27 58 18 58 18 58 18 58 18 58 18 58 18 58 18 58 18 58 18 58 18 58 18 58 18 58 18 58 18 58 18 58 18 58 18 58 18 58 18 58 18 58 18 58 18 58 18 58 18 58 18 58 18 58 77 60 77 60 71 37
75 32 42 92 42 92 42 27 60 27 60 27 60 27 60 27 60 27 60 27 60 27 60 27 60 27 60 27 60 27 60 27 60 27 60 27 60 27 60 27 60 18 58 18 58 18 58 18 58 18 58 18 58 18 58 18 58 18 58 18 58 18 58 18 58 18 58 18 58 18 58 18 58 18 58 18 58 18 58 18 58 18 58 18 58 18 58 18 58 18 58 18 58 18 60 77 60 77 37 71
32 75 92 42 92 42 92 60 27 60 27 60 27 60 27 60 27 60 27 60 27 60 27 60 27 60 27 60 27 60 27 60 27 60 27 60 27 60 27 60 27 58 18 58 18 58 18 58 18 58 18 58 18 58 18 58 18 58 18 58 18 58 18 58 18 58 18 58 18 58 18 58 18 58 18 58 18 58 18 58 18 58 18 58 18 58 18 58 18 58 18 58 18 58 77 60 77 60 71 37
75 32 42 92 42 92 42 27 60 27 60 27 60 27 60 27 60 27 60 27 60 27 60 27 60 27 60 27 60 27 60 27 60 27 60 27 60 27 60 27 60 18 58 18 58 18 58 18 58 18 58 18 58 18 58 18 58 18 58 18 58 18 58 18 58 18 58 18 58 18 58 18 58 18 58 18 58 18 58 18 58 18 58 18 58 18 58 18 58 18 58 18 58 18 60 77 60 77 37 71
32 75 92 42 92 42 92 60 27 60 27 60 27 60 27 60 27 60 27 60 27 60 27 60 27 60 27 60 27 60 27 60 27 60 27 60 27 60 27 60 27 58 18 58 18 58 18 58 18 58 18 58 18 58 18 58 18 58 18 58 18 58 18 58 18 58 18 58 18 58 18 58 18 58 18 58 18 58 18 58 18 58 18 58 18 58 18 58 18 58 18 58 18 58 77 60 77 60 71 37
75 32 42 92 42 92 42 27 60 27 60 27 60 27 60 27 60 27 60 27 60 27 60 27 60 27 60 27 60 27 60 27 60 27 60 27 60 27 60 27 60 18 58 18 58 18 58 18 58 18 58 18 58 18 58 18 58 18 58 18 58 18 58 18 58 18 58 18 58 18 58 18 58 18 58 18 58 18 58 18 58 18 58 18 58 18 58 18 58 18 58 18 58 18 51 94 37 71 37 71
32 75 92 42 92 42 92 60 27 60 27 60 27 60 27 60 27 60 27 60 27 60 27 60 27 60 27 60 27 60 27 60 27 60 27 60 27 60 27 60 27 58 18 58 18 58 18 58 18 58 18 58 18 58 18 58 18 58 18 58 18 58 18 58 18 58 18 58 18 58 18 58 18 58 18 58 18 58 18 58 18 58 18 58 18 58 18 58 18 58 18 58 18 58 94 51 71 37 71 37
75 32 42 92 42 92 42 27 60 27 60 27 60 27 60 27 60 27 60 27 60 27 60 27 60 27 60 27 60 27 60 27 60 27 60 27 60 27 60 27 60 18 58 18 58 18 58 18 58 18 58 18 58 18 58 18 58 18 58 18 58 18 58 18 58 18 58 18 58 18 58 18 58 18 58 18 58 18 58 18 58 18 58 18 58 18 58 18 58 18 58 18 58 18 51 94 37 71 37 71
32 75 92 42 92 42 92 60 27 60 27 60 27 60 27 60 27 60 27 60 27 60 27 60 27 60 27 60 27 60 27 60 27 60 27 60 27 60 27 60 27 58 18 58 18 58 18 58 18 58 18 58 18 58 18 58 18 58 18 58 18 58 18 58 18 58 18 58 18 58 18 58 18 58 18 58 18 58 18 58 18 58 18 58 18 58 18 58 18 58 18 58 18 58 94 51 71 37 71 37
75 32 42 92 42 92 42 27 60 27 60 27 60 27 60 27 60 27 60 27 60 27 60 27 60 27 60 27 60 27 60 27 60 27 60 27 60 27 60 27 60 18 58 18 58 18 58 18 58 18 58 18 58 18 58 18 58 18 58 18 58 18 58 18 58 18 58 18 58 18 58 18 58 18 58 18 58 18 58 18 58 18 58 18 58 18 58 18 58 18 58 18 58 18 51 94 37 71 37 71
32 75 92 42 92 42 92 60 27 60 27 60 27 60 27 60 27 60 27 60 27 60 27 60 27 60 27 60 27 60 27 60 27 60 27 60 27 60 27 60 27 58 18 58 18 58 18 58 18 58 18 58 18 58 18 58 18 58 18 58 18 58 18 58 18 58 18 58 18 58 18 58 18 58 18 58 18 58 18 58 18 58 18 58 18 58 18 58 18 58 18 58 18 58 94 51 70 15 70 15
75 32 42 92 42 92 42 27 60 27 60 27 60 27 60 27 60 27 60 27 60 27 60 27 60 27 60 27 60 27 60 27 60 27 60 27 60 27 60 27 60 18 58 18 58 18 58 18 58 18 58 18 58 18 58 18 58 18 58 18 58 18 58 18 58 18 58 18 58 18 58 18 58 18 58 18 58 18 58 18 58 18 58 18 58 18 58 18 58 18 58 18 58 18 51 94 15 70 15 70
32 75 92 42 92 42 92 60 27 60 27 60 27 60 27 60 27 60 27 60 27 60 27 60 27 60 27 60 27 60 27 60 27 60 27 60 27 60 27 60 27 58 18 58 18 58 18 58 18 58 18 58 18 58 18 58 18 58 18 58 18 58 18 58 18 58 18 58 18 58 18 58 18 58 18 58 18 58 18 58 18 58 18 58 18 58 18 58 18 58 18 58 18 58 94 51 70 15 70 15
75 32 42 92 42 92 42 27 60 27 60 27 60 27 60 27 60 27 60 27 60 27 60 27 60 27 60 27 60 27 60 27 60 27 60 27 60 27 60 27 60 18 58 18 58 18 58 18 58 18 58 18 58 18 58 18 58 18 58 18 58 18 58 18 58 18 58 18 58 18 58 18 58 18 58 18 58 18 58 18 58 18 58 18 58 18 58 18 58 18 58 18 58 18 51 94 15 70 15 70
32 75 92 42 92 42 92 60 27 60 27 60 27 60 27 60 27 60 27 60 27 60 27 60 27 60 27 60 27 60 27 60 27 60 27 60 27 60 27 60 27 58 18 58 18 58 18 58 18 58 18 58 18 58 18 58 18 58 18 58 18 58 18 58 18 58 18 58 18 58 18 58 18 58 18 58 18 58 18 58 18 58 18 58 18 58 18 58 18 58 18 58 18 58 94 51 70 15 70 15
59 57 42 92 42 92 42 27 60 27 60 27 60 27 60 27 60 27 60 27 60 27 60 27 60 27 60 27 60 27 60 27 60 27 60 27 60 27 60 27 60 77 34 77 34 77 34 77 34 77 34 77 34 77 34 77 34 77 34 77 34 77 34 77 34 77 34 77 73 11 73 11 73 11 73 11 73 11 73 11 73 94 51 94 51 94 51 94 51 94 51 94 51 94 51 94 15 70 15 70
45 42 92 42 92 42 92 60 27 60 27 60 27 60 27 60 27 60 27 60 27 60 27 60 27 60 27 60 27 60 27 60 27 60 27 60 27 60 27 60 27 34 77 34 77 34 77 34 77 34 77 34 77 34 77 34 77 34 77 34 77 34 77 34 77 34 77 34 11 73 11 73 11 73 11 73 11 73 11 73 11 51 94 51 94 51 94 51 94 51 94 51 94 51 94 51 70 15 70 15
83 57 42 92 42 92 42 92 42 92 42 92 42 92 42 92 42 92 42 92 42 92 42 92 42 92 42 92 42 92 42 77 34 77 34 77 34 77 34 77 34 77 34 77 34 77 34 77 34 77 34 77 34 77 34 77 34 77 34 77 34 77 34 77 34 77 34 77 73 11 73 11 73 11 73 11 73 11 73 11 73 94 51 94 51 94 51 94 51 94 51 94 51 94 51 94 15 70 15 70
27 42 92 42 92 42 92 42 92 42 92 42 92 42 92 42 92 42 92 42 92 42 92 42 92 42 92 42 92 42 92 34 77 34 77 34 77 34 77 34 77 34 77 34 77 34 77 34 77 34 77 34 77 34 77 34 77 34 77 34 77 34 77 34 77 34 77 34 11 73 11 73 11 73 11 73 11 73 11 73 11 51 94 51 94 51 94 51 94 51 94 51 94 51 94 51 70 15 70 15
91 57 42 92 42 92 42 92 42 92 42 92 42 92 42 92 42 92 42 92 42 92 42 92 42 92 42 92 42 92 42 77 34 77 34 77 34 77 34 77 34 77 34 77 34 77 34 77 34 77 34 77 34 77 34 77 34 77 34 77 34 77 34 77 34 77 34 77 51 94 51 94 51 94 51 94 51 94 51 94 51 94 51 94 51 94 51 94 51 94 51 94 51 94 51 94 15 70 15 70
90 42 92 42 92 42 92 42 92 42 92 42 92 42 92 42 92 42 92 42 92 42 92 42 92 42 92 42 92 42 92 34 77 34 77 34 77 34 77 34 77 34 77 34 77 34 77 34 77 34 77 34 77 34 77 34 77 34 77 34 77 34 77 34 77 34 77 34 94 51 94 51 94 51 94 51 94 51 94 51 94 51 94 51 94 51 94 51 94 51 94 51 94 51 94 51 58 31 75 42
59 57 42 92 42 90 95 90 95 90 95 90 95 90 95 90 95 90 95 90 95 90 95 90 95 90 95 90 95 90 95 90 95 90 95 90 95 90 95 90 95 90 95 90 95 90 95 90 95 90 95 90 95 90 95 90 95 90 95 90 95 90 95 90 95 90 95 90 95 90 95 90 95 90 95 90 95 90 95 90 95 90 95 90 95 90 95 90 51 94 51 94 51 94 51 94 31 58 42 75
41 42 92 42 92 95 90 95 90 95 90 95 90 95 90 95 90 95 90 95 90 95 90 95 90 95 90 95 90 95 90 95 90 95 90 95 90 95 90 95 90 95 90 95 90 95 90 95 90 95 90 95 90 95 90 95 90 95 90 95 90 95 90 95 90 95 90 95 90 95 90 95 90 95 90 95 90 95 90 95 90 95 90 95 90 95 90 95 94 51 94 51 94 51 94 51 58 31 75 42
92 57 42 92 42 90 95 90 95 90 95 90 95 90 95 90 95 90 95 90 95 90 95 90 95 90 95 90 95 90 95 90 95 90 95 90 95 90 95 90 95 90 95 90 95 90 95 90 95 90 95 90 95 90 95 90 95 90 95 90 95 90 95 90 95 90 95 90 95 90 95 90 95 90 95 90 95 90 95 90 95 90 95 90 95 90 95 90 51 94 51 94 51 94 51 94 31 58 42 75
77 42 92 42 92 95 90 95 90 95 90 95 90 95 90 95 90 95 90 95 90 95 90 95 90 95 90 95 90 95 90 95 90 95 90 95 90 95 90 95 90 95 90 95 90 95 90 95 90 95 90 95 90 95 90 95 90 95 90 95 90 95 90 95 90 95 90 95 90 95 90 95 90 95 90 95 90 95 90 95 90 95 90 95 90 95 90 95 94 51 94 51 94 51 94 51 58 31 75 42
10 40 42 92 42 90 95 90 95 90 95 90 95 90 95 90 95 90 95 90 95 90 95 90 95 90 95 90 95 90 95 90 95 90 95 90 95 90 95 90 95 90 95 90 95 90 95 90 95 90 95 90 95 90 95 90 95 90 95 90 95 90 95 90 95 90 95 90 95 90 95 90 95 90 95 90 95 90 95 90 95 90 95 90 95 90 95 90 51 94 51 94 51 94 51 94 31 58 42 75
98 50 92 42 92 95 90 95 90 95 90 95 90 95 90 95 90 95 90 95 90 95 90 95 90 95 90 95 90 95 90 95 90 95 90 95 90 95 90 95 90 95 90 95 90 95 90 95 90 95 90 95 90 95 90 95 90 95 90 95 90 95 90 95 90 95 90 95 90 95 90 95 90 95 90 95 90 95 90 95 90 95 90 95 90 95 90 95 94 51 94 51 94 51 94 51 58 31 75 42
69 82 42 92 42 90 95 90 95 90 95 90 95 90 95 90 95 90 95 90 95 90 95 90 95 90 95 90 95 90 95 90 95 90 95 90 95 90 95 90 95 90 95 90 95 90 95 90 95 90 95 90 95 90 95 90 95 90 95 90 95 90 95 90 95 90 95 90 95 90 95 90 95 90 95 90 95 90 95 90 95 90 95 90 95 90 95 90 51 94 51 94 51 94 51 94 31 58 42 75
73 23 92 42 92 95 90 95 90 95 90 95 90 95 90 95 90 95 90 95 90 95 90 95 90 95 90 95 90 95 90 95 90 95 90 95 90 95 90 95 90 95 90 95 90 95 90 95 90 95 90 95 90 95 90 95 90 95 90 95 90 95 90 95 90 95 90 95 90 95 90 95 90 95 90 95 90 95 90 95 90 95 90 95 90 95 90 95 94 51 94 51 94 51 94 51 58 31 75 42
49 91 42 92 42 90 95 90 95 90 95 90 95 90 95 90 95 90 95 90 95 90 95 90 95 90 95 90 95 90 95 90 95 90 95 90 95 90 95 90 95 90 95 90 95 90 95 90 95 90 95 90 95 90 95 90 95 90 95 90 95 90 95 90 95 90 95 90 95 90 95 90 95 90 95 90 95 90 95 90 95 90 95 90 95 90 95 90 51 94 51 94 51 94 51 94 31 58 42 75
42 24 92 42 92 95 90 95 90 95 90 95 90 95 90 95 90 95 90 95 90 95 90 95 90 95 90 95 90 95 90 95 90 95 90 95 90 95 90 95 90 95 90 95 90 95 90 95 90 95 90 95 90 95 90 95 90 95 90 95 90 95 90 95 90 95 90 95 90 95 90 95 90 95 90 95 90 95 90 95 90 95 90 95 90 95 90 95 58 31 58 31 58 31 58 31 58 31 75 42
44 83 42 92 42 90 95 90 95 90 95 90 95 90 95 90 95 90 95 90 95 90 95 90 95 90 95 90 95 90 95 90 95 90 95 90 95 90 95 90 95 90 95 90 95 90 95 90 95 90 95 90 95 90 95 90 95 90 95 90 95 90 95 90 95 90 95 90 95 90 95 90 95 90 95 90 95 90 95 90 95 90 95 90 95 90 95 90 31 58 31 58 31 58 31 58 31 58 42 75
70 80 92 42 92 95 90 95 90 95 90 95 90 95 90 95 90 95 90 95 90 95 90 95 90 95 90 95 90 95 90 95 90 95 90 95 90 95 90 95 90 95 90 95 90 95 90 95 90 95 90 95 90 95 90 95 90 95 90 95 90 95 90 95 90 95 90 95 90 95 90 95 90 95 90 95 90 95 90 95 90 95 90 95 90 95 90 95 58 31 58 31 58 31 58 31 58 31 75 42
58 31 42 92 42 90 95 90 95 90 95 90 95 90 95 90 95 90 95 90 95 90 95 90 95 90 95 90 95 90 95 90 95 90 95 90 95 90 95 90 95 90 95 90 95 90 95 90 95 90 95 90 95 90 95 90 95 90 95 90 95 90 95 90 95 90 95 90 95 90 95 90 95 90 95 90 95 90 95 90 95 90 95 90 95 90 95 90 31 58 31 58 31 58 31 58 31 58 42 75
44 14 92 42 92 42 92 42 92 42 92 42 92 42 92 42 92 42 92 10 26 10 26 10 26 10 26 10 26 10 26 10 26 10 26 10 26 10 26 10 26 10 26 10 26 10 26 10 26 10 26 10 26 10 26 10 26 10 26 10 26 10 26 10 26 10 26 10 26 10 26 10 26 10 26 10 26 10 26 10 26 10 26 10 58 31 58 31 58 31 58 31 58 31 58 31 58 31 75 42
16 97 24 24 73 11 73 11 73 11 73 11 73 11 73 11 73 11 73 11 73 11 73 11 73 11 73 11 73 11 73 11 73 11 55 91 55 91 55 91 55 91 55 91 55 91 55 91 55 91 55 91 98 65 28 65 28 65 28 65 28 65 41 99 41 99 41 99 41 99 41 99 41 99 41 58 31 58 31 58 31 58 31 58 31 58 31 58 31 58 31 58 31 58 31 58 31 58 42 75
47 32 97 45 11 73 11 73 11 73 11 73 11 73 11 73 11 73 11 73 11 73 11 73 11 73 11 73 11 73 11 73 11 73 91 55 91 55 91 55 91 55 91 55 91 55 91 55 91 55 91 55 35 28 65 28 65 28 65 28 65 28 99 41 99 41 99 41 99 41 99 41 99 41 99 31 58 31 58 31 58 31 58 31 58 31 58 31 58 31 58 31 58 31 58 31 58 31 75 42
52 41 28 87 73 11 73 11 73 11 73 11 73 11 73 11 73 11 73 11 73 11 73 11 73 11 73 11 73 11 73 11 73 11 55 91 55 91 55 91 55 91 55 91 55 91 55 91 55 91 55 91 98 65 28 65 28 65 28 65 28 65 41 99 41 99 41 99 41 99 41 99 41 99 41 53 47 53 47 53 47 53 47 53 47 53 47 53 47 53 47 53 47 53 47 53 47 35 54 16
12 93 13 23 11 73 11 73 11 73 11 73 11 73 11 73 11 73 11 73 11 73 11 73 11 73 11 73 11 73 11 73 11 73 91 55 91 55 91 55 91 55 91 55 91 55 91 55 91 55 91 55 35 28 65 28 65 28 65 28 65 28 99 41 99 41 99 41 99 41 99 41 99 41 99 47 53 47 53 47 53 47 53 47 53 47 53 47 53 47 53 47 53 47 53 47 53 94 67 66
52 88 61 30 73 11 73 11 73 11 73 11 73 11 73 11 73 11 73 11 73 11 73 11 73 11 73 11 73 11 73 11 73 11 55 91 55 91 55 91 55 91 55 91 55 91 55 91 55 91 55 91 98 65 28 65 28 65 28 65 28 65 47 53 47 53 47 53 47 53 47 53 47 53 47 53 47 53 47 53 47 53 47 53 47 53 47 53 47 53 47 53 47 53 47 53 47 55 97 71
24 17 97 88 15 75 28 36 28 36 28 36 28 36 28 36 28 36 85 31 94 47 53 47 35 98 35 98 35 98 35 98 35 98 91 55 91 55 91 55 91 55 91 55 91 55 91 55 91 55 91 55 35 47 53 47 53 47 53 47 53 47 53 47 53 47 53 47 53 47 53 47 53 47 53 47 53 47 53 47 53 47 53 47 53 47 53 47 53 47 53 47 53 47 53 47 53 97 99 88
38 52 40 32 14 45 36 28 36 28 36 28 36 28 36 28 36 28 18 24 31 53 47 53 47 53 47 53 47 53 47 53 47 53 55 91 55 91 55 91 55 91 55 91 55 91 55 91 55 91 55 91 47 53 47 53 47 53 47 53 47 53 47 53 47 53 47 53 47 53 47 53 47 53 47 53 47 53 47 53 47 53 47 53 47 53 47 53 47 53 47 53 47 53 47 53 47 66 76 85
24 44 23 22 46 58 39 95 47 32 25 80 59 74 82 72 56 69 56 44 32 47 53 47 53 47 53 47 53 47 53 47 53 47 53 47 53 47 53 47 53 47 53 47 53 47 53 47 53 47 53 47 53 47 53 47 53 47 53 47 53 47 53 47 53 47 53 47 53 47 53 47 53 47 53 47 53 47 53 47 53 47 53 47 53 47 53 47 53 47 53 47 53 47 53 47 53 72 62 88
150 58 176 99
61 47 197 93
17 23 106 87
154 27 161 93
1 8 28 63
47 20 95 99
45 3 89 21
64 0 64 83
166 3 167 30
100 46 197 85
160 28 166 63
39 77 104 88
85 93 117 99
27 53 116 75
127 56 131 74
9 8 37 63
16 1 112 31
25 23 176 91
44 18 170 35
82 71 86 72
66 57 175 80
124 6 181 48
54 69 182 93
99 34 126 49
176 27 188 92
104 21 153 46
5 32 169 48
16 47 141 61
51 44 84 60
58 21 138 58
72 8 74 56
6 9 87 88
94 71 108 75
84 15 149 75
57 29 87 85
4 9 88 25
85 0 171 37
58 18 60 52
81 10 134 51
3 68 139 71
119 5 152 46
162 21 163 37
53 45 124 92
54 9 173 80
52 0 130 5
11 20 44 56
142 72 148 95
29 50 83 73
123 69 193 97
72 31 84 62
7 77 55 79
22 50 80 93
162 37 166 99
1 24 127 60
54 12 137 34
2 64 136 89
149 65 161 97
108 19 121 20
6 61 183 69
60 2 124 87
139 2 162 19
34 62 141 67
93 10 175 80
85 25 120 69
22 38 63 88
48 24 89 40
48 77 86 95
74 17 84 70
62 4 70 75
83 44 115 91
150 19 187 62
23 59 187 82
91 31 183 67
10 7 173 40
15 37 62 85
122 45 149 63
2 4 19 87
16 67 111 86
3 2 139 27
51 19 73 90
119 21 191 50
175 11 191 61
16 27 186 88
63 55 121 66
83 6 150 68
121 47 125 82
56 44 166 99
11 74 179 85
119 33 126 99
63 21 191 55
34 11 126 44
20 37 92 42
46 7 194 41
42 40 99 59
106 6 119 84
62 84 183 92
8 9 189 30
92 19 165 23
13 75 68 80
73 44 186 89
95 23 177 57
130 10 135 90
181 19 191 83
121 34 171 72
9 33 64 47
131 16 166 37
142 5 149 44
115 38 121 54
182 31 183 77
22 3 100 55
124 9 195 11
90 24 116 31
74 0 142 82
70 13 187 57
58 52 156 60
21 16 37 48
139 22 193 52
10 65 27 90
171 21 199 96
122 38 123 45
172 2 190 99
34 16 166 61
133 26 168 83
29 79 63 98
152 8 157 35
85 9 140 17
50 24 116 35
19 2 122 6
96 10 135 16
39 9 162 77
100 37 108 89
6 54 78 57
149 65 149 84
1 59 8 61
71 95 84 95
1 45 61 72
112 13 170 66
22 2 191 53
116 4 175 56
137 26 179 63
57 5 143 13
2 12 182 32
44 56 82 88
52 14 132 59
143 45 164 80
18 50 84 97
142 59 156 75
5 21 120 64
3 73 137 83
88 11 126 77
118 20 125 23
10 8 145 64
71 30 86 97
121 23 162 46
46 23 73 28
155 4 196 51
185 5 193 53
124 16 187 74
37 42 138 97
93 2 148 15
15 1 64 12
123 25 196 37
77 42 150 43
44 35 61 55
62 9 140 79
16 54 52 61
42 18 113 70
28 77 75 95
23 4 51 18
76 10 178 64
143 21 196 61
31 6 198 17
24 67 144 96
39 39 122 88
16 1 169 83
9 39 37 88
19 24 197 52
107 20 156 23
59 12 76 29
68 66 193 99
45 72 55 87
55 2 134 82
22 24 72 56
19 20 21 82
3 18 173 26
95 20 108 48
88 13 89 54
55 24 180 65
64 54 199 88
38 1 81 16
162 34 198 51
121 56 184 87
59 4 71 78
101 38 140 57
40 21 170 93
160 52 192 73
142 50 174 92
160 4 176 61
160 64 172 83
178 5 190 87
13 29 107 88
16 44 101 87
9 16 111 94
90 39 115 46
28 15 176 66
86 34 159 73
95 42 123 79
37 20 119 53
17 37 109 88
107 57 195 74
3 48 125 72
105 22 123 25
16 27 184 76
11 1 181 88
15 62 140 95
71 2 190 97
3 2 183 60
50 30 98 74
116 31 146 32
15 35 189 54
82 31 169 95
50 30 84 79
142 4 171 45
68 22 165 78
24 2 53 94
15 38 30 59
72 54 189 87
104 79 198 93
82 87 121 99
52 50 191 78
156 61 169 91
32 37 171 93
48 43 106 48
38 8 57 25
128 64 174 93
111 35 120 81
128 11 139 98
45 25 177 58
155 57 180 88
105 7 143 42
46 86 188 93
11 0 118 7
35 43 73 77
113 29 144 78
46 6 113 17
77 25 186 95
59 29 139 64
80 70 153 81
114 16 118 54
13 9 158 48
