10 30 10
2 9 5 7 1 2 6 2 6 2 6 2 6 2 6 2 6 7 5 1 5 8 6 2 5 1 9 9 6 4
9 2 5 1 8 6 4 5 4 5 4 5 4 5 2 6 2 4 5 7 7 5 4 7 4 2 7 1 3 8
3 6 5 1 5 1 5 1 5 4 5 4 5 4 4 9 3 9 3 3 2 5 5 4 8 5 6 1 8 8
2 5 4 5 1 5 1 5 4 5 4 5 4 5 9 3 9 3 9 8 6 8 6 8 7 8 1 9 8 9
9 2 9 1 5 1 5 1 5 4 5 4 5 4 4 9 3 9 3 6 8 6 8 6 1 7 4 2 1 7
7 4 6 5 1 5 1 5 9 4 9 4 9 4 9 1 4 1 4 1 4 1 6 8 2 5 9 6 6 9
2 7 8 7 8 7 8 7 8 7 8 7 8 7 8 7 8 7 8 7 8 4 8 6 7 2 1 9 6 7
6 8 7 8 7 8 7 8 7 8 7 8 7 8 7 8 7 8 7 8 7 1 9 8 6 6 6 9 4 7
3 7 8 7 8 7 8 7 8 7 8 7 8 7 8 7 8 7 8 7 8 7 2 9 4 8 6 9 5 6
6 8 7 8 7 8 7 8 7 8 7 8 7 8 7 8 7 8 7 8 7 2 8 7 4 7 2 1 9 7
1 6 4 13
0 5 4 16
5 3 7 18
5 16 5 21
2 3 9 7
2 8 4 18
2 4 5 14
3 12 6 23
5 13 7 21
6 1 9 20
