15 20 5
0 0 0 0 0 0 0 0 0 0 0 0 0 0 0 0 0 0 0 0
2 9 2 9 2 9 2 9 2 9 2 9 0 0 0 0 0 0 0 0
0 0 0 0 0 0 0 0 0 0 0 0 0 0 0 0 0 0 0 0
0 0 0 0 0 0 0 0 0 0 0 0 0 0 0 0 0 0 0 0
0 0 0 0 0 0 0 0 0 8 0 8 0 8 0 8 0 8 0 0
0 0 0 0 0 0 0 0 8 0 8 0 8 0 8 0 8 0 8 0
0 0 0 0 0 0 0 0 0 8 0 8 0 8 0 8 0 8 0 0
0 0 0 0 0 0 0 0 8 0 8 0 8 0 8 0 8 0 8 0
0 0 0 0 0 0 4 0 0 8 0 8 0 8 0 8 0 8 0 0
0 0 0 0 0 4 0 4 8 0 8 0 8 0 8 0 8 0 8 0
0 0 0 0 0 2 0 2 0 2 0 2 0 2 0 2 0 2 0 2
0 0 0 0 2 0 2 0 2 0 2 0 2 0 2 0 2 0 2 0
0 0 0 0 0 2 0 2 0 2 0 2 0 2 0 2 0 2 0 2
0 0 0 0 2 0 2 0 2 0 2 0 2 0 2 0 2 0 2 0
0 0 0 0 0 2 0 2 0 2 0 2 0 2 0 2 0 2 0 2
8 5 12 12
10 4 14 19
10 8 11 18
4 8 9 18
1 0 1 11
