20 50 20
1 6 8 6 8 6 8 6 8 6 8 1 3 6 8 6 8 6 8 6 8 6 8 6 6 7 6 7 6 7 6 7 6 7 6 7 6 7 6 7 6 7 8 6 8 6 8 8 1 1
9 8 6 8 6 8 6 8 6 8 6 3 1 8 6 8 6 8 6 8 6 8 6 8 7 6 7 6 7 6 7 6 7 6 7 6 7 6 7 6 7 6 6 8 6 8 6 9 6 6
5 6 8 6 8 6 8 6 8 6 8 1 3 6 8 6 8 6 8 6 8 6 8 6 6 7 6 7 6 7 6 7 6 7 6 7 6 7 6 7 6 7 8 6 8 6 8 9 7 6
5 8 6 8 6 8 6 8 6 8 6 7 9 7 9 8 6 8 6 8 6 8 6 8 7 6 7 6 7 6 7 6 7 6 7 6 7 6 7 6 7 6 6 8 6 8 6 5 2 7
6 6 8 6 8 6 8 6 8 6 8 9 7 9 7 6 8 6 8 6 8 6 8 6 6 7 6 7 6 7 6 7 6 7 6 7 6 7 6 7 6 7 8 6 1 3 1 3 1 9
2 8 2 8 2 8 2 8 2 8 2 3 1 8 2 8 2 8 2 8 2 8 2 8 2 8 2 8 2 8 2 8 2 8 2 8 2 8 2 8 2 8 2 8 3 1 3 1 3 9
8 2 8 2 8 2 8 2 8 2 8 1 3 2 8 2 8 2 8 2 8 2 8 2 8 2 8 2 8 2 8 2 8 2 8 2 8 2 8 2 8 2 8 2 1 3 1 3 1 5
2 8 2 8 2 8 2 8 2 8 2 3 1 8 2 8 2 8 2 8 2 8 2 8 2 8 2 8 2 8 2 8 2 8 1 9 1 9 1 9 1 9 1 9 1 1 3 1 3 3
8 2 8 2 8 2 8 2 8 2 8 1 3 2 8 2 8 2 8 2 8 2 8 2 8 2 8 2 8 2 8 2 8 2 9 1 9 1 9 1 9 1 9 1 9 3 1 3 1 5
2 8 2 8 2 8 2 8 2 8 2 3 1 8 2 8 2 8 2 8 2 8 2 8 2 1 9 1 9 1 9 1 9 1 1 9 1 9 1 9 1 9 1 9 1 1 3 1 3 3
8 2 8 2 8 2 8 2 8 2 8 1 3 2 8 2 8 2 8 2 8 2 8 2 8 9 1 9 1 9 1 9 1 9 9 1 9 1 9 1 9 1 9 1 9 3 1 3 1 5
2 8 2 8 2 8 2 8 2 8 2 3 1 8 2 8 2 8 2 8 2 8 2 8 2 1 9 1 9 1 9 1 9 1 1 9 1 9 1 9 1 9 1 9 1 1 3 1 3 7
6 5 6 7 2 3 4 3 4 3 4 1 3 3 4 3 4 3 4 3 4 3 4 3 4 3 4 3 4 7 3 7 3 7 9 1 9 1 9 1 9 1 9 1 9 3 1 3 1 4
5 6 5 6 5 6 1 6 7 3 7 3 1 3 7 3 7 3 7 3 7 3 7 3 7 3 7 3 7 3 7 3 7 3 1 9 1 9 1 9 1 9 1 9 1 1 3 1 3 7
6 5 6 5 6 1 6 1 3 7 3 1 3 7 3 7 3 7 3 7 3 7 3 7 3 7 3 7 3 7 3 7 3 7 9 1 9 1 9 1 9 1 9 1 9 3 1 3 1 4
5 6 5 6 5 6 1 6 7 3 7 3 1 3 7 3 7 3 7 3 7 3 7 3 7 3 7 3 7 3 7 3 7 3 7 3 7 3 7 3 7 3 7 3 7 3 7 7 4 7
6 5 6 5 6 1 6 1 3 7 3 1 3 7 3 7 3 7 3 7 3 7 3 7 3 7 3 7 3 7 3 7 3 7 3 7 3 7 3 7 3 7 3 7 3 7 3 4 7 4
5 9 5 9 5 6 1 6 7 4 6 4 6 4 6 4 6 4 7 3 1 2 1 2 1 2 1 2 1 2 1 2 1 2 1 2 1 3 8 3 8 3 8 3 8 3 7 3 5 3
7 5 4 4 8 9 8 7 3 6 4 6 4 6 4 6 4 6 3 7 3 7 3 7 3 7 3 7 3 7 3 7 3 7 3 8 3 8 3 8 3 8 3 8 3 7 3 6 2 2
6 4 4 4 7 6 8 6 6 4 6 4 6 4 6 4 6 4 2 3 2 3 2 3 4 4 5 8 8 3 6 5 5 5 2 8 3 5 7 3 2 2 1 4 4 2 8 4 5 1
0 26 3 32
4 44 14 48
5 3 12 26
11 18 16 49
0 11 19 12
9 7 18 46
3 11 4 14
0 24 8 41
17 9 19 17
7 34 14 44
8 5 17 7
9 25 11 34
17 35 18 44
17 0 17 15
0 1 4 46
2 24 16 36
0 16 1 21
17 20 17 36
5 0 11 48
6 5 12 28
