40 80 40
11 55 61 90 70 93 54 86 16 51 93 43 50 82 61 44 88 64 62 19 50 18 37 56 88 48 33 40 18 66 64 66 58 28 57 49 71 45 24 71 65 34 36 56 50 77 31 44 31 44 31 44 31 44 31 44 31 44 30 95 30 95 30 44 31 78 26 78 26 78 26 78 26 78 26 78 26 78 26 78
60 27 92 27 92 27 92 27 92 27 92 27 92 27 92 27 92 27 92 27 92 27 92 27 92 27 92 27 92 27 92 27 92 27 92 27 92 27 92 27 92 27 92 27 92 27 44 31 44 31 44 31 44 31 44 31 44 31 95 30 95 30 95 31 44 27 92 27 92 27 92 26 78 26 78 26 78 26 78 26
14 92 27 92 27 92 27 92 27 92 27 92 27 92 27 92 27 92 27 92 27 92 27 92 27 92 27 92 27 92 27 92 27 92 27 92 27 92 27 92 27 92 27 92 27 92 31 44 31 44 31 44 31 44 31 44 31 44 30 95 30 95 30 44 31 92 27 92 27 92 27 78 26 78 26 78 26 78 26 78
78 27 92 27 92 27 92 27 92 27 92 27 92 27 92 27 92 27 92 27 92 27 92 27 92 27 92 27 92 27 92 27 92 27 92 27 92 27 92 27 92 27 92 27 92 27 44 31 44 31 44 31 44 31 44 31 44 31 95 30 95 30 95 31 44 27 92 27 92 27 92 26 78 26 78 26 78 26 78 26
14 92 27 92 27 92 27 92 27 92 27 43 64 43 64 43 64 43 64 43 64 43 64 43 64 43 64 43 64 43 64 43 64 43 64 43 64 43 64 43 64 43 64 43 64 43 64 43 64 43 64 43 64 43 64 43 64 43 30 95 30 95 30 43 64 43 64 43 64 43 64 43 64 43 72 54 78 79 86 25
78 27 92 27 92 27 92 27 92 27 92 64 43 64 43 64 43 64 43 64 43 64 43 64 43 64 43 64 43 64 43 64 43 64 43 64 43 64 43 64 43 64 43 64 43 64 43 64 43 64 43 64 43 64 43 64 43 64 95 30 95 30 95 64 43 64 43 64 43 64 43 64 43 64 65 97 63 17 85 22
14 92 27 92 27 92 27 92 27 92 27 43 64 43 64 43 64 43 64 43 64 43 64 43 64 43 64 43 64 43 64 43 64 43 64 43 64 43 64 43 64 43 64 43 64 43 64 43 64 43 64 43 64 43 64 43 64 43 30 95 30 95 30 43 64 43 64 43 64 43 64 43 64 43 70 50 90 66 51 54
78 27 92 27 92 27 92 27 92 27 92 64 43 64 43 64 43 64 43 64 43 64 43 64 43 64 43 64 43 64 43 64 43 64 43 64 43 64 43 64 43 64 43 64 43 64 43 64 43 64 43 64 43 64 43 64 43 64 95 30 95 30 95 64 43 64 43 64 43 64 43 64 43 64 85 48 66 15 86 49
14 92 27 92 27 92 27 92 27 45 55 43 64 43 64 43 64 43 64 43 64 43 64 43 64 43 64 43 64 43 64 43 64 43 64 43 64 43 64 43 64 43 64 43 64 43 64 43 64 43 64 43 64 43 64 43 64 43 30 95 30 95 30 43 64 43 64 43 64 43 64 43 64 43 40 45 20 67 67 33
78 27 92 27 92 27 92 27 92 55 45 64 43 64 43 64 43 64 43 64 43 64 43 64 43 64 43 64 43 64 43 64 43 64 43 64 43 64 43 64 43 64 43 64 43 64 43 64 43 64 43 64 43 64 43 64 43 64 95 30 95 30 95 64 43 64 43 64 43 64 43 64 43 64 87 23 73 27 11 20
14 92 27 92 27 92 27 32 77 32 77 43 64 43 64 43 64 43 64 43 64 43 64 43 64 43 64 43 64 43 64 43 64 43 64 43 64 43 64 43 64 43 64 43 64 43 64 43 64 43 64 43 64 43 64 43 64 43 30 95 30 95 30 43 64 43 64 43 64 43 64 43 64 43 35 70 26 99 34 33
78 27 92 27 92 27 92 77 32 77 32 64 43 64 43 64 43 64 43 64 43 64 43 64 43 64 43 64 43 64 43 64 43 64 43 64 43 64 43 64 43 64 43 64 43 64 43 64 43 64 43 64 43 64 43 64 43 64 95 30 95 30 95 64 43 64 43 64 43 64 43 64 43 64 10 49 67 74 27 57
14 92 13 59 13 59 13 59 13 59 13 59 13 59 13 59 13 59 13 59 13 59 13 59 13 59 13 59 13 59 13 59 13 59 13 59 13 59 13 59 13 59 13 59 13 59 13 59 13 59 13 59 13 59 13 59 13 59 30 95 30 95 30 59 13 43 64 43 64 43 64 43 64 43 49 10 78 52 82 32
78 27 59 13 59 13 59 13 59 13 59 13 59 13 59 13 59 13 59 13 59 13 59 13 59 13 59 13 59 13 59 13 59 13 59 13 59 13 59 13 59 13 59 13 59 13 59 13 59 13 59 13 59 13 59 13 59 13 95 30 95 30 95 13 59 64 43 64 43 64 43 64 43 64 10 49 57 38 33 80
14 92 13 59 13 59 13 59 13 59 13 59 13 59 13 59 13 59 13 59 13 59 13 59 13 59 13 59 13 59 13 59 13 59 13 59 13 59 13 59 13 59 13 59 13 59 13 59 13 59 13 59 13 59 13 59 13 59 30 95 30 95 30 59 13 43 64 43 64 43 64 43 64 43 49 10 34 72 84 79
78 27 59 13 59 13 59 13 59 13 59 13 59 13 59 13 59 13 59 13 59 13 59 13 59 13 59 13 59 13 59 13 59 13 59 13 59 13 59 13 59 13 59 13 59 13 59 13 59 13 59 13 59 13 59 13 59 13 95 30 95 30 95 13 59 64 43 64 43 64 43 64 43 64 10 49 41 22 30 44
14 92 13 59 13 59 13 59 13 59 13 59 13 59 13 59 13 59 13 59 13 59 13 59 13 59 13 59 13 59 13 59 13 59 13 59 13 59 13 59 13 59 13 59 13 59 13 59 13 59 13 59 13 59 13 59 13 59 30 95 30 95 30 59 13 43 64 43 64 43 64 43 64 43 49 10 24 32 45 76
78 27 59 13 59 13 59 13 59 13 59 13 59 13 59 13 59 13 59 13 59 13 59 13 59 13 59 13 59 13 59 13 59 13 59 13 59 13 59 13 59 13 59 13 59 13 59 13 59 13 59 13 59 13 59 13 59 13 95 30 95 30 95 13 59 64 43 64 43 64 43 64 43 64 63 65 64 35 42 21
14 92 13 59 13 59 13 59 13 59 13 59 13 59 13 59 13 59 13 59 13 59 13 59 13 59 13 59 13 59 13 59 13 59 13 59 13 59 13 59 13 59 13 59 13 59 13 59 13 59 13 59 13 59 13 59 13 59 30 95 30 95 30 59 13 43 64 43 64 43 64 43 64 43 65 63 15 38 13 72
78 27 59 13 59 13 59 13 59 13 59 13 59 13 59 13 59 13 59 13 59 13 59 13 59 13 59 13 59 13 59 13 59 13 59 13 59 13 59 13 59 13 59 13 59 13 59 13 59 13 59 13 59 13 59 13 59 13 95 30 95 30 95 13 59 64 43 64 43 64 43 64 43 64 63 65 97 11 80 64
14 78 13 59 13 59 13 59 13 59 13 59 13 59 13 59 13 59 13 59 13 59 13 59 13 59 13 59 13 59 13 59 13 59 13 59 13 59 44 75 44 75 44 75 44 75 44 75 13 59 13 59 13 59 13 59 13 59 30 95 30 95 30 59 13 13 65 63 65 63 65 63 65 63 65 63 91 43 27 44
78 14 59 13 59 13 59 13 59 13 59 13 59 13 59 13 59 13 59 13 59 13 59 13 59 13 59 13 59 13 59 13 59 13 59 13 59 13 75 44 75 44 75 44 75 44 75 44 59 13 59 13 59 13 59 13 59 13 95 30 95 30 95 13 59 89 63 65 63 65 63 65 63 65 63 65 88 11 86 46
14 78 13 59 13 59 13 59 14 85 14 85 14 85 14 85 14 85 14 85 14 85 14 85 14 85 14 85 14 85 14 85 14 85 13 59 13 59 44 75 44 75 44 75 44 75 44 75 13 59 13 59 13 59 13 59 13 59 30 95 30 95 30 59 13 13 65 63 65 63 65 63 65 63 65 63 36 14 63 32
78 14 59 13 59 13 59 13 85 14 85 14 85 14 85 14 85 14 85 14 85 14 85 14 85 14 85 14 85 14 85 14 85 14 59 13 59 13 75 44 75 44 75 44 75 44 75 44 59 13 59 13 59 13 59 13 59 13 95 30 95 30 95 13 59 89 63 65 63 65 63 65 63 65 63 65 56 71 84 96
14 78 13 59 13 59 13 59 14 85 14 85 14 85 14 85 14 85 14 85 14 85 14 85 14 85 14 85 14 85 14 85 14 85 13 59 13 59 44 75 44 75 44 75 44 75 44 75 13 59 13 59 13 59 13 59 13 59 30 95 30 95 30 59 13 13 65 63 65 63 65 63 65 63 65 63 71 56 13 56
78 14 59 13 59 13 59 13 59 13 59 13 59 13 59 13 59 13 59 13 59 13 59 13 59 13 59 13 59 13 59 13 59 13 59 13 59 13 75 44 75 44 75 44 75 44 75 44 59 13 59 13 59 13 59 13 59 13 95 30 95 30 95 13 59 14 57 14 57 14 63 65 63 65 63 65 56 71 13 80
14 78 14 78 91 60 91 60 91 45 55 87 46 87 46 87 46 87 46 87 46 87 46 87 46 87 46 87 46 87 46 87 46 87 46 87 46 87 44 75 44 75 44 75 44 75 44 75 46 87 46 87 46 87 46 87 46 87 30 95 30 95 30 57 14 57 14 57 14 57 65 63 65 63 65 63 71 56 57 10
78 14 78 14 78 11 98 56 98 55 45 46 87 46 87 46 87 46 87 46 87 46 87 46 87 46 87 46 87 46 87 46 87 46 87 46 87 46 75 44 75 44 75 44 75 44 75 44 87 46 87 46 87 46 87 46 87 46 95 30 95 30 95 14 57 14 57 14 57 14 63 65 63 65 63 65 56 71 68 67
12 68 78 26 23 68 27 23 48 45 55 87 46 87 46 87 46 87 46 87 46 87 46 87 46 87 46 87 46 87 46 87 46 87 46 87 46 87 44 75 44 75 44 75 44 75 44 75 46 87 46 87 46 87 46 87 46 87 30 95 30 95 30 57 14 57 14 57 14 57 65 63 65 63 65 63 71 56 12 53
57 28 37 53 43 73 95 16 31 55 45 46 87 46 87 46 87 46 87 46 87 46 87 46 87 46 87 46 87 46 87 46 87 46 87 46 87 46 75 44 75 44 75 44 75 44 75 44 87 46 87 46 87 46 87 46 87 46 95 30 95 30 95 14 57 14 57 14 57 14 63 65 63 65 63 65 56 71 54 98
22 33 53 39 46 36 47 70 84 45 55 87 46 87 46 87 46 87 46 87 46 87 46 87 46 87 46 87 46 87 46 87 46 87 46 87 46 87 44 75 44 75 44 75 44 75 44 75 46 87 46 87 46 87 46 87 46 87 46 87 46 87 46 57 14 57 14 57 14 57 65 63 65 63 65 63 71 56 28 82
52 41 79 12 46 27 60 95 35 55 45 46 87 46 87 46 87 46 87 46 87 46 87 46 87 46 87 46 87 46 87 46 87 46 87 46 87 46 75 44 75 44 75 44 75 44 75 44 87 46 87 46 87 46 87 46 87 46 87 46 87 46 87 14 57 14 57 14 57 14 63 65 63 65 63 65 56 71 24 46
32 33 75 52 41 56 37 84 43 45 55 87 46 87 46 87 46 87 46 87 46 87 46 87 46 87 46 87 46 87 46 87 46 87 46 87 46 87 44 75 44 75 44 75 44 75 44 75 46 87 46 87 46 87 46 87 46 87 46 87 46 87 46 13 89 13 65 63 65 63 65 63 65 63 65 63 71 56 61 72
64 49 63 86 74 81 41 64 34 57 49 46 87 46 87 46 87 46 87 46 87 46 87 46 87 46 87 46 87 46 87 46 87 46 87 46 87 46 75 44 75 44 75 44 75 44 75 44 87 46 87 46 87 46 87 46 87 46 87 46 87 46 87 83 76 20 63 65 63 65 63 65 63 65 63 65 67 72 20 63
43 73 21 83 36 53 97 84 28 77 80 87 46 87 46 87 46 87 46 87 46 87 46 87 46 87 46 87 46 87 46 87 46 87 46 87 46 87 44 75 44 75 44 75 44 75 44 75 46 87 46 87 46 87 46 87 46 87 46 87 46 87 46 76 83 71 65 63 65 63 65 63 65 63 65 63 71 60 42 48
94 66 34 96 87 64 87 51 26 42 69 46 87 46 87 46 87 46 87 46 87 46 87 46 87 46 87 46 87 46 87 46 87 46 87 46 87 46 75 44 75 44 75 44 75 44 75 44 87 46 87 46 87 46 87 46 87 46 87 46 87 46 87 83 76 39 63 65 63 65 63 65 63 65 63 65 17 94 14 41
88 16 62 11 98 66 63 10 62 34 69 87 46 87 46 87 46 87 46 87 46 87 46 87 46 87 46 87 46 87 46 87 46 87 46 87 46 87 46 87 46 87 46 87 46 87 46 87 46 87 46 87 46 87 46 87 46 87 46 87 46 87 46 76 83 15 20 66 56 54 24 15 11 95 68 27 28 14 87 75
42 22 16 36 65 67 31 66 11 41 21 46 87 46 87 46 87 46 87 46 87 46 87 46 87 46 87 46 87 46 87 46 87 46 87 46 87 46 87 46 87 46 87 46 87 46 87 46 87 46 87 46 87 46 87 46 87 46 87 46 87 46 87 83 76 11 69 21 38 16 45 61 86 90 59 44 29 86 87 96
20 28 31 59 48 97 74 83 95 39 50 22 49 91 40 11 54 95 54 95 54 95 54 95 54 95 54 95 49 98 13 31 59 47 26 74 60 76 68 76 50 53 20 77 87 28 30 87 20 33 62 97 87 69 54 23 73 28 60 93 11 83 59 55 28 67 14 81 57 78 67 95 13 92 89 57 64 43 40 52
22 81 80 73 98 64 82 34 51 60 59 56 68 94 18 86 95 54 95 54 95 54 95 54 95 54 95 54 63 26 98 47 59 80 23 90 11 96 94 26 18 92 11 81 92 94 19 75 73 26 22 64 48 16 31 95 31 87 57 63 50 89 66 56 29 14 47 37 30 92 58 72 93 56 52 61 35 89 62 26
23 70 32 77
2 0 27 4
25 40 32 72
20 38 35 47
1 1 19 70
0 46 4 64
8 31 29 52
10 7 24 51
13 11 37 62
22 7 26 51
26 11 29 37
25 61 31 69
6 44 33 49
3 7 24 27
23 4 26 42
13 2 14 56
22 18 27 41
22 8 24 33
0 56 3 79
17 37 27 59
14 23 32 72
20 8 25 21
22 16 39 27
0 58 29 62
1 24 7 63
9 18 35 43
15 17 27 39
11 36 16 75
4 11 19 73
12 41 37 64
14 8 24 54
7 1 25 58
17 66 35 75
13 55 26 72
9 9 24 20
18 24 38 29
12 2 25 64
6 40 36 49
1 45 3 51
8 9 32 36
