50 100 100
45 44 59 71 26 16 11 75 31 13 81 46 61 73 97 73 97 73 97 73 97 73 97 73 97 73 94 73 45 30 92 30 92 30 92 30 14 38 14 38 14 38 14 38 14 38 14 38 14 38 14 38 14 38 14 38 14 38 14 38 14 38 14 38 14 38 14 38 14 38 14 38 14 38 14 38 14 38 14 38 84 10 84 10 84 10 46 14 68 22 48 77 58 44 39 34 94 85 65 85
32 47 98 32 82 74 89 18 68 18 68 18 68 18 68 18 68 18 68 18 68 97 73 11 97 11 97 11 97 11 97 11 97 11 97 11 38 14 38 14 38 14 38 14 38 14 38 14 38 14 38 14 38 14 38 14 38 14 38 14 38 14 38 14 38 14 38 14 38 14 38 14 38 14 38 14 38 14 38 14 97 11 97 11 10 84 27 55 49 11 52 65 39 98 38 84 96 88 21 39
38 56 38 56 38 56 38 68 18 68 18 68 18 68 18 68 18 68 18 68 18 73 97 97 11 97 11 97 11 97 11 97 11 97 32 83 14 38 14 38 14 38 14 38 14 38 14 38 14 38 14 38 14 38 14 38 14 38 14 38 14 38 14 38 14 38 14 38 14 38 14 38 14 38 14 38 14 38 14 38 11 97 11 97 84 10 43 87 99 15 45 99 11 27 53 94 77 74 61 71
56 38 56 38 56 38 56 18 68 18 68 18 68 18 68 18 68 18 68 18 68 35 21 35 21 35 21 35 21 35 21 35 21 35 21 35 38 14 38 14 38 14 38 14 38 14 38 14 38 14 38 14 38 14 38 14 38 14 38 14 38 14 38 14 38 14 38 14 38 14 38 14 38 14 38 14 38 14 38 14 97 11 97 11 10 84 74 37 21 34 50 24 25 21 37 56 43 42 84 37
38 56 38 56 38 56 38 68 18 68 18 68 18 68 18 68 18 68 18 68 18 21 35 21 35 21 35 21 35 21 35 21 35 21 35 21 14 38 14 38 14 38 14 38 14 38 14 38 14 38 14 38 14 38 14 38 14 38 14 38 14 38 14 38 14 38 14 38 14 38 14 38 14 38 14 38 14 38 14 38 11 97 11 97 84 10 50 37 81 97 35 37 12 68 94 46 79 51 61 30
56 38 56 38 56 38 56 18 68 18 68 18 68 18 68 18 68 18 68 18 68 35 21 35 21 35 21 35 21 35 21 35 21 35 37 35 38 14 38 14 38 14 38 14 38 14 38 14 38 14 38 14 38 14 38 14 38 14 71 76 71 76 71 76 71 76 71 76 71 76 71 76 71 76 71 76 71 76 71 76 71 76 71 76 71 76 71 76 71 76 71 76 71 76 71 62 76 52 67 67
38 56 38 56 38 56 38 68 18 29 92 29 92 29 92 29 92 29 92 29 92 29 92 29 92 29 92 29 92 29 39 54 39 37 35 54 14 38 14 38 14 38 14 38 14 38 14 38 14 38 14 38 14 38 14 38 14 38 76 71 76 71 76 71 76 71 76 71 76 71 76 71 76 71 76 71 76 71 76 71 76 71 76 71 76 71 76 71 76 71 76 71 76 71 76 25 88 81 28 70
56 38 56 38 84 88 84 18 68 92 29 92 29 92 29 92 29 92 29 92 29 92 29 92 29 92 29 92 29 92 54 39 54 35 37 22 22 92 22 92 22 92 22 92 22 92 22 92 22 92 22 92 22 92 22 92 22 92 22 92 22 92 22 92 22 92 22 92 22 92 22 92 22 92 22 92 22 92 22 92 22 92 22 76 71 76 71 76 71 76 71 76 71 76 71 90 77 36 67 25
38 56 38 56 88 84 17 68 18 29 92 29 92 29 92 29 92 29 92 29 92 29 92 29 92 29 92 29 92 29 39 54 39 37 35 31 92 22 92 22 92 22 92 22 92 22 92 22 92 22 92 22 92 22 92 22 92 22 92 22 92 22 92 22 92 22 92 22 92 22 92 22 92 22 92 22 92 22 92 22 92 22 92 71 76 71 76 71 76 71 76 71 76 71 76 40 64 87 76 67
56 38 56 38 84 88 70 18 68 92 29 92 29 92 29 92 29 92 29 92 29 92 29 92 29 92 29 92 29 92 54 39 54 35 37 22 22 92 22 92 22 92 22 92 22 92 22 92 22 92 22 92 22 92 22 92 22 92 22 92 22 92 22 92 22 92 22 92 22 92 22 92 22 92 22 92 22 92 22 92 22 92 22 76 71 76 71 76 71 76 71 76 71 76 71 90 86 43 32 56
38 56 38 56 88 84 17 68 18 29 92 29 92 29 92 29 92 29 92 29 92 29 92 29 92 29 92 29 92 29 39 54 39 37 35 31 92 22 92 22 92 22 92 22 92 22 92 22 92 22 92 22 92 22 92 22 92 22 92 22 92 22 92 22 92 22 92 22 92 22 92 22 92 22 92 22 92 22 92 22 92 22 92 20 45 20 45 20 45 20 45 20 45 71 76 16 70 83 81 56
56 38 56 38 84 88 70 18 68 92 29 92 29 92 29 92 29 92 29 92 29 92 29 92 29 92 29 92 29 53 84 53 84 35 37 53 38 14 38 14 38 14 38 14 38 14 38 14 38 14 38 45 20 45 20 45 20 45 20 45 20 45 20 45 20 45 20 45 20 45 20 45 20 45 20 45 20 45 20 45 20 45 20 45 20 45 20 45 20 45 20 45 20 76 71 73 77 81 89 41
38 56 38 56 10 83 10 68 18 29 92 29 92 29 92 29 92 29 92 29 92 29 92 29 92 29 92 29 92 84 53 84 53 37 35 84 14 38 14 38 14 38 14 38 14 38 14 38 14 38 14 38 14 38 14 38 14 38 76 71 76 71 76 71 76 71 76 71 76 71 76 71 76 71 76 71 76 71 76 71 76 71 76 71 76 71 76 71 76 71 76 71 76 71 76 83 10 83 10 83
56 18 44 38 83 10 83 18 68 92 29 92 29 92 29 92 29 92 29 92 29 92 29 92 29 92 29 92 29 53 84 53 84 35 37 53 38 14 38 14 38 14 38 14 38 14 38 14 38 14 38 14 38 47 96 47 96 47 96 47 96 47 96 47 96 47 96 47 96 47 96 47 71 76 71 76 71 76 71 76 71 76 71 76 71 76 71 76 71 76 71 76 71 76 71 10 83 10 83 10
38 44 18 56 10 83 12 86 12 86 12 86 12 86 12 86 12 86 12 86 12 86 12 86 12 86 12 86 12 86 12 84 53 84 53 84 14 38 14 38 14 38 14 38 14 38 14 38 14 38 14 38 14 96 47 96 47 96 47 96 47 96 47 96 47 96 47 96 47 96 47 96 76 71 76 71 76 71 76 71 76 71 76 71 76 71 76 71 76 71 76 71 76 71 76 83 10 83 10 83
56 18 44 38 83 10 86 12 86 12 86 12 86 12 86 12 86 12 86 12 86 12 86 12 86 12 86 12 86 12 86 53 84 53 84 53 38 14 38 14 38 14 38 14 38 14 38 14 38 14 38 14 38 47 96 47 96 47 96 47 96 47 96 47 96 47 96 47 96 47 96 47 71 76 71 76 71 76 71 76 71 76 71 76 71 76 71 76 71 76 71 76 71 76 71 10 83 10 83 10
38 44 18 56 10 83 12 86 12 86 12 86 12 86 12 86 12 86 12 86 12 86 12 86 12 86 12 86 12 86 12 84 53 84 53 84 53 84 53 84 53 84 53 84 53 84 53 84 53 84 53 84 53 96 47 96 47 96 47 96 47 96 47 96 47 96 47 96 47 96 47 96 51 18 51 18 51 18 51 18 51 18 51 18 51 18 51 18 51 18 51 18 76 71 76 83 10 83 10 83
56 18 21 63 21 63 86 12 86 12 86 12 86 12 86 12 86 12 86 12 86 12 86 12 86 12 86 12 86 12 86 53 84 53 84 53 84 53 84 53 84 53 84 53 84 53 84 53 84 53 84 53 84 47 96 47 96 47 96 47 96 47 96 47 96 47 96 47 96 47 96 47 18 51 18 51 18 51 18 51 18 51 18 51 18 51 18 51 18 51 18 51 71 76 71 10 83 10 83 10
38 44 63 21 63 21 12 86 12 86 12 86 12 86 12 86 12 86 12 86 12 86 12 86 12 86 12 86 12 86 12 93 27 93 27 93 27 93 27 93 27 93 63 21 63 21 63 21 63 21 63 21 63 96 47 96 47 96 47 96 47 96 47 96 47 96 47 96 47 96 47 96 51 18 51 18 51 18 51 18 51 18 51 18 51 18 51 18 51 18 51 18 76 71 76 83 10 83 10 83
56 18 21 63 21 63 86 12 86 12 86 12 86 12 86 12 86 12 86 12 86 12 86 12 86 12 86 12 86 12 86 27 93 27 93 27 93 27 93 27 93 27 21 63 21 63 21 63 21 63 21 63 21 47 96 47 96 47 96 47 96 47 96 47 96 47 96 47 96 47 96 47 18 51 18 51 18 51 18 51 18 51 18 51 18 51 18 51 18 51 18 51 71 76 71 10 83 10 83 10
38 44 63 21 63 21 12 86 12 86 12 86 12 86 12 86 12 86 12 86 12 86 12 86 12 86 12 86 12 86 12 93 27 38 72 38 72 38 27 93 27 93 63 21 63 21 63 21 63 21 63 21 63 96 47 96 47 96 47 96 47 96 47 96 47 96 47 96 47 96 47 96 51 18 51 18 51 18 51 18 51 18 51 18 51 18 51 18 51 18 51 18 76 71 76 83 10 83 10 83
56 18 21 63 21 63 21 63 21 63 21 63 21 63 21 63 21 63 21 63 21 63 21 63 93 27 93 27 93 27 93 27 93 72 38 72 38 72 93 27 93 27 21 63 21 63 21 63 21 63 21 63 21 47 96 47 96 47 96 47 96 47 96 47 96 47 96 47 96 47 96 47 18 51 18 51 18 51 18 51 18 51 18 51 18 51 18 51 18 51 18 51 71 76 71 10 83 10 83 10
38 44 63 21 63 21 63 21 63 21 63 21 63 21 63 21 63 21 63 21 63 21 63 21 27 93 27 93 27 93 27 93 27 38 72 38 72 38 27 93 27 93 42 91 42 91 42 91 42 91 42 91 42 96 47 96 47 96 47 96 47 96 47 96 47 96 47 96 47 96 47 96 51 18 51 18 51 18 51 18 51 18 51 18 51 18 51 18 51 18 51 18 56 17 10 83 10 83 10 83
56 18 21 63 21 63 21 63 21 63 21 63 21 63 21 63 21 63 21 63 21 63 21 63 93 27 93 27 93 27 93 27 93 72 38 72 38 72 93 27 93 27 91 42 91 42 91 42 91 42 91 42 91 47 96 47 96 47 96 47 96 47 96 47 96 47 96 47 96 47 96 47 18 51 18 51 18 51 18 51 18 51 18 51 18 51 18 51 18 51 18 51 17 56 83 10 83 10 83 10
38 44 63 21 63 21 63 21 63 21 63 21 63 21 63 21 63 21 63 21 63 21 63 21 27 93 27 93 27 93 27 93 27 93 27 93 27 93 27 93 27 93 42 91 42 91 42 91 42 91 42 91 42 96 47 96 47 96 47 96 47 96 47 96 47 96 47 96 47 96 47 96 51 18 51 18 51 18 51 18 51 18 51 18 51 18 51 18 51 18 51 18 56 17 10 83 10 83 10 83
56 18 21 63 21 63 21 63 21 63 21 63 21 63 21 63 21 63 21 63 21 63 21 63 93 27 93 27 93 27 93 27 93 27 93 27 93 27 93 27 93 27 91 42 91 42 91 42 91 42 91 42 91 47 96 47 96 47 96 47 96 47 96 47 96 47 96 47 96 47 96 47 18 51 18 51 18 51 18 51 18 51 18 51 18 51 18 51 18 51 18 51 83 10 83 10 83 10 83 10
38 44 63 21 63 21 63 21 63 21 63 21 63 21 63 21 63 21 63 21 63 21 63 21 27 93 27 93 27 93 27 93 27 93 27 93 27 93 27 93 27 93 42 91 42 91 42 91 42 91 42 91 42 96 47 96 47 96 47 96 47 96 47 96 47 96 47 96 47 96 47 96 51 18 51 18 51 18 51 18 51 18 51 18 51 18 51 18 51 18 51 18 10 83 10 83 10 83 10 83
56 18 21 63 21 63 21 63 21 63 21 63 21 63 21 63 21 63 21 63 21 63 21 63 93 27 93 27 93 27 93 27 93 27 93 27 93 27 93 27 93 27 91 42 91 42 91 42 91 42 91 42 91 47 96 47 96 47 96 47 96 47 96 47 96 47 96 47 96 47 96 47 18 51 18 51 18 51 18 51 18 51 18 51 18 51 18 51 18 51 18 51 83 10 83 10 83 10 83 10
38 44 63 21 63 21 63 21 63 21 63 21 63 21 63 57 87 57 87 57 87 57 87 57 27 93 27 93 27 93 27 93 27 93 27 93 27 93 27 93 27 93 42 91 42 91 42 91 42 91 42 91 42 96 47 96 47 96 47 96 47 96 47 96 47 96 47 96 47 96 47 96 51 18 51 18 51 18 51 18 51 18 51 18 51 18 51 18 51 18 51 18 10 83 10 83 10 83 10 83
56 18 21 63 21 63 21 63 21 63 21 63 21 63 21 87 57 87 57 87 57 87 57 87 93 27 93 27 93 27 93 27 93 27 93 27 93 27 93 27 93 27 91 42 91 42 91 42 91 42 91 42 91 47 96 47 96 47 96 47 96 47 96 47 96 47 96 47 96 47 96 47 18 51 18 51 18 51 18 51 18 51 18 51 18 51 18 51 18 51 18 51 83 10 83 10 83 10 83 10
38 44 63 21 63 21 63 21 63 21 63 21 63 21 63 57 87 57 87 57 87 57 87 57 27 93 27 93 27 93 27 93 27 93 27 93 27 93 27 93 27 93 42 91 42 91 42 91 42 91 42 91 42 96 47 96 47 96 47 96 47 96 47 96 47 96 47 96 47 96 47 96 51 18 51 18 51 18 51 18 51 18 51 18 51 18 51 18 51 18 51 18 10 83 10 83 10 83 10 83
56 18 21 63 21 63 21 63 21 63 21 63 21 63 21 87 57 87 57 87 57 87 57 87 93 27 93 27 93 27 93 27 93 27 93 27 93 27 93 27 93 27 91 42 91 42 91 42 91 42 91 42 91 42 91 42 91 51 18 51 18 51 18 51 18 51 18 51 18 51 18 51 18 51 18 51 18 51 18 51 18 51 18 51 18 51 18 51 18 51 18 51 83 10 83 10 83 10 83 10
38 44 63 21 63 21 63 21 63 22 96 22 96 22 96 22 96 22 96 22 96 22 96 22 96 22 96 22 96 22 96 22 27 93 27 93 27 93 27 93 27 93 42 91 42 91 42 91 42 91 42 91 42 91 42 91 42 91 42 91 42 91 42 91 42 91 42 91 42 91 42 91 42 91 42 91 42 91 42 91 42 91 10 83 10 83 10 83 10 83 10 83 10 83 10 83 10 83 10 83
56 18 25 78 25 78 25 78 25 96 22 96 22 96 22 96 22 96 22 96 22 96 22 96 22 96 22 96 22 96 22 96 93 27 93 27 93 27 93 27 93 27 25 78 25 78 25 78 25 78 25 78 25 78 25 78 25 78 25 78 25 78 25 78 25 78 25 78 25 78 25 78 25 78 25 78 25 78 25 78 25 78 25 78 25 78 25 78 25 78 25 78 25 78 83 10 83 10 83 10
38 44 78 25 78 25 78 25 78 22 96 22 96 22 96 22 96 22 96 22 96 22 96 22 96 22 96 22 96 22 96 22 27 93 27 93 27 93 27 93 27 93 78 25 78 25 78 25 78 25 78 25 78 25 78 25 78 25 78 25 78 25 78 25 78 25 78 25 78 25 78 25 78 25 78 25 78 25 78 25 78 25 78 25 78 25 78 25 78 25 78 25 78 25 10 83 10 83 10 83
56 18 25 78 25 78 25 78 25 96 22 96 22 96 22 96 22 96 22 96 22 96 22 96 22 96 22 96 22 96 22 96 93 27 93 27 93 27 93 27 93 27 25 78 25 78 25 78 25 78 25 78 25 78 25 78 25 78 25 78 25 78 25 78 25 78 25 78 25 78 25 78 25 78 25 78 25 78 25 78 25 78 25 78 25 78 25 78 25 78 25 78 25 78 83 10 83 10 83 10
38 44 78 25 78 25 78 25 78 22 96 22 96 22 96 22 96 22 96 22 96 22 96 22 96 22 96 22 96 22 96 22 27 93 27 93 27 93 27 93 27 93 86 89 86 89 86 89 86 89 86 89 86 89 86 89 86 89 86 89 86 89 86 89 86 89 86 89 86 89 86 89 86 89 86 89 86 89 86 89 86 89 86 89 86 89 86 89 86 89 86 89 86 89 86 89 10 83 10 83
56 18 25 78 25 78 25 78 25 96 22 96 22 96 22 96 22 96 22 96 22 96 22 96 22 96 22 96 22 96 22 96 93 27 93 27 93 27 93 27 93 27 89 86 89 86 89 86 89 86 89 86 89 86 89 86 89 86 89 86 89 86 89 86 89 86 89 86 89 86 89 86 89 86 89 86 89 86 89 86 89 86 89 86 89 86 89 86 89 86 89 86 89 86 89 86 83 10 83 10
38 44 78 25 78 25 78 25 78 22 96 22 96 22 96 22 96 22 96 22 96 22 96 22 96 22 96 22 96 22 96 22 27 93 27 93 27 93 27 93 27 93 86 89 86 89 86 89 86 89 86 89 86 89 86 89 86 89 86 89 86 89 86 89 86 89 86 89 86 89 86 89 86 89 86 89 86 89 86 89 86 89 86 89 86 89 86 89 86 89 86 89 86 89 86 89 10 83 10 83
56 18 25 78 25 78 25 78 25 96 22 96 22 96 22 96 22 96 22 96 22 96 22 96 22 96 22 96 22 96 22 96 89 86 89 86 89 86 89 86 89 86 89 86 89 86 89 86 89 86 89 86 89 86 89 86 89 86 89 86 89 86 89 86 89 86 89 86 89 86 89 86 89 86 89 86 89 86 89 86 89 86 89 86 89 86 89 86 89 86 89 86 89 86 89 86 83 10 83 10
38 44 78 25 78 25 78 25 78 22 96 22 96 22 96 22 96 22 96 22 96 22 96 22 96 22 96 22 96 22 96 22 86 89 86 89 86 89 86 89 86 89 86 89 86 89 86 89 86 89 86 89 86 89 86 89 86 89 86 89 86 89 86 89 86 89 86 89 86 89 86 89 86 89 86 89 86 89 86 89 86 89 86 89 86 89 86 89 86 89 86 89 86 89 86 89 10 83 10 83
56 18 25 78 25 78 25 78 25 96 22 96 22 96 22 96 22 96 22 96 22 96 22 96 22 96 22 96 22 96 22 96 89 86 89 86 89 86 89 86 89 86 89 86 89 86 89 86 89 86 89 86 89 86 89 86 89 86 89 86 89 86 89 86 89 86 89 86 89 86 89 86 89 86 89 86 89 86 89 86 89 86 89 86 89 86 89 86 89 86 89 86 89 86 89 86 83 10 83 10
38 44 78 25 78 25 78 25 78 22 96 22 96 22 96 22 96 22 96 22 96 22 96 22 96 22 96 22 96 22 96 22 86 89 86 89 86 89 86 89 86 89 86 89 86 89 86 89 86 89 86 89 86 89 86 89 86 89 86 89 86 89 86 89 86 89 86 89 86 89 86 89 86 89 86 89 86 89 86 89 86 89 86 89 86 89 86 89 86 89 86 89 86 89 86 89 10 83 10 83
56 18 25 78 25 78 25 78 25 96 22 96 22 96 22 96 22 96 22 96 22 96 22 96 22 96 22 96 22 96 22 96 89 86 89 86 89 86 89 86 89 86 89 86 89 86 89 86 89 86 89 86 89 86 89 86 89 86 89 86 89 86 89 86 89 86 89 86 89 86 89 86 89 86 89 86 89 86 89 86 89 86 89 86 89 86 89 86 89 86 89 86 89 86 89 86 83 10 83 10
38 56 78 25 78 25 78 25 78 22 96 22 96 22 96 22 96 22 96 22 96 22 96 22 96 22 96 22 96 22 96 22 86 89 86 89 86 89 86 89 86 89 86 89 86 89 86 89 86 89 86 89 86 89 86 89 86 89 86 89 86 89 86 89 86 89 86 89 86 89 86 89 86 89 86 89 86 89 86 89 86 89 86 89 86 89 86 89 86 89 86 89 86 89 86 89 10 83 10 83
56 38 25 78 25 78 25 78 25 78 25 78 25 78 25 78 25 78 25 78 89 86 89 86 89 86 89 86 89 86 89 86 89 86 89 86 89 86 89 86 89 86 89 86 89 86 89 86 89 86 89 86 89 86 89 86 89 86 89 86 89 86 89 86 89 86 89 86 89 86 89 86 89 86 89 86 89 86 89 86 89 86 89 86 89 86 89 86 89 86 89 86 89 86 89 86 83 10 83 10
38 56 78 25 78 25 78 25 78 25 78 25 78 25 78 25 78 25 78 25 86 89 86 89 86 89 86 89 86 89 86 89 86 89 86 89 86 89 86 89 86 89 86 89 86 89 86 89 86 89 86 89 86 89 86 89 86 89 86 89 86 89 86 89 86 89 86 89 86 89 86 89 86 89 86 89 86 89 86 89 86 89 86 89 86 89 86 89 86 89 86 89 86 89 86 89 10 83 10 83
56 38 56 38 83 10 83 18 68 18 68 18 68 18 68 18 68 18 68 18 89 86 89 86 89 86 89 86 89 86 89 86 89 86 89 86 89 86 89 86 89 86 89 86 89 86 89 86 89 86 89 86 89 86 89 86 89 86 89 86 89 86 89 86 89 86 89 86 89 86 89 86 89 86 89 86 89 86 89 86 89 86 89 86 89 86 89 86 89 86 89 86 89 86 89 86 83 10 83 10
34 51 80 61 10 83 10 83 10 83 10 83 10 83 10 83 10 83 10 83 86 89 86 89 86 89 86 89 86 89 86 89 86 89 86 89 86 89 86 89 86 89 86 89 86 89 86 89 86 89 86 89 86 89 86 89 86 89 86 89 86 89 86 89 86 89 86 89 86 89 86 89 86 89 86 89 86 89 86 89 86 89 86 89 86 89 86 89 86 89 86 89 86 89 86 89 10 83 10 83
89 47 86 14 83 10 83 10 83 10 83 10 83 10 83 10 83 10 83 10 83 10 83 10 83 10 58 11 58 11 58 11 58 11 58 11 58 11 58 11 58 11 58 11 58 11 58 11 58 11 58 11 58 11 58 11 83 10 83 10 83 10 83 10 83 10 83 10 83 10 83 10 83 10 83 10 83 10 83 10 83 10 83 10 83 10 83 10 83 10 83 10 83 10 83 10 83 10 83 10
0 61 4 65
29 33 41 48
7 30 15 82
1 7 47 20
20 20 42 80
20 33 23 37
26 27 41 55
11 18 18 23
0 24 24 32
25 0 46 54
26 15 43 63
10 51 11 92
10 43 18 75
15 7 18 8
6 30 44 77
1 36 26 45
6 76 15 99
1 37 28 83
1 73 44 77
35 69 49 73
5 33 13 34
4 36 22 38
2 0 47 40
0 45 29 85
41 81 48 85
32 25 40 58
40 48 42 64
7 4 46 43
12 4 49 99
13 52 26 72
7 14 44 43
16 51 17 93
14 6 20 30
29 71 44 95
5 58 21 94
40 26 49 55
33 55 48 73
33 2 46 93
17 2 36 53
16 52 18 75
2 34 27 54
17 17 24 87
13 53 30 71
0 13 15 25
13 1 43 2
18 4 36 47
21 54 48 66
8 57 47 58
5 10 15 74
1 23 18 83
26 41 48 60
8 9 33 31
13 24 16 95
0 36 15 79
4 33 37 66
6 47 15 84
9 54 16 89
17 24 38 60
17 19 47 94
16 57 31 91
27 30 42 50
37 5 45 17
11 1 45 87
8 85 26 92
3 36 39 37
23 49 43 68
32 9 44 31
8 10 49 21
0 29 16 68
21 31 45 40
15 26 47 65
11 47 12 92
3 16 10 79
20 11 24 95
7 36 10 82
36 20 48 95
8 6 28 80
25 59 26 82
5 37 13 79
28 15 34 41
10 13 44 74
30 59 34 84
23 18 44 25
22 55 26 89
6 36 14 82
25 27 27 96
7 35 16 86
2 14 35 54
6 9 28 87
22 32 31 35
11 29 17 84
22 26 36 81
16 85 24 93
6 23 30 59
18 24 38 41
1 61 11 77
3 27 3 54
10 47 15 90
10 46 46 48
45 50 49 91
