5
10
3 6 4 1 8 9 1 4
8 6 3 1 8 8 6 10 1 1 4 10
6 20 5 2 10 16 6 3 11 2 6 16 4 3 15 4 17 13 4 11
6 8 15 2 18 7 11 11 4 18 10 3 3 18 15 9 11 12 3 7 8 5 20 12 14 9 8 5 7 8
10 18 15 29 3 10 27 18 34 7 5 33 12 1 30 33 18 13 23 10 9 10 37 30 9 32 31 27 35 37 36 9 13 12 21 12 30 34 11 17 4 17 6 21 19 34 30 5 38 32 21 35 21 28 10 25 36 15 24 12 40 4 4 9 5 40 37 9 32 27 14 26 22 7 22 40 25 27 9 39 13 37 37 18 12 34 26 18 40 20 35 7 15 35 31 38 23 7 37 1
14 17 26 10 5 38 36 32 34 27 9 2 2 35 16 5 9 38 15 38 17 37 25 17 6 19 40 33 15 35 6 27 3 21 13 9 36 36 6 22 2 32 34 14 29 2 12 35 6 21 40 32 16 29 38 24 17 26 4 17 14 8 18 6 36 15 4 36 29 4 16 17 7 21 34 40 35 25 4 18 40 29 8 14 3 34 34 9 29 3 36 23 27 14 39 3 15 37 18 27 20 19 9 12 2 1 27 5 7 9 7 27 30 4 40 19 6 15 24 25 3 18 29 26 39 7 32 20 31 9 23 10 38 30 1 33 39 17 6 5 28 7 5 25 16 20 9 3 29 15 32 32 9 18 13 12 37 1 18 22 5 21 11 12 15 13 36 1 33 34 1 20 17 13 7 1 9 12 29 8 13 31 1 12 2 36 12 35 32 7 4 34 32 20 1 31 10 7 23 23
14 23 13 19 14 29 2 19 16 21 22 39 8 31 45 49 35 49 33 47 24 9 12 5 41 47 9 41 45 2 12 3 23 25 11 16 25 10 48 20 18 11 20 13 47 32 36 9 42 23 27 37 6 40 32 18 25 41 2 19 25 9 45 2 12 16 14 24 49 15 6 1 47 32 9 27 16 10 42 35 20 13 44 19 45 4 36 17 49 22 8 6 41 9 34 47 38 49 26 6
11 11 49 34 13 38 1 24 41 17 6 43 8 32 47 26 32 29 50 18 46 39 15 1 27 11 34 31 15 1 12 41 50 21 1 43 39 15 10 31 11 23 21 18 42 45 9 17 2 30 33 46 23 34 36 25 45 36 39 35 20 48 15 30 14 25 35 45 41 47 35 24 29 24 25 36 35 13 6 13 20 46 6 11 20 21 9 46 20 50 41 18 6 35 21 29 15 7 16 18 43 11 44 31 2 45 39 16 39 27 11 30 18 19 48 40 15 43 3 46 2 38 9 41 37 50 28 36 16 43 4 49 8 12 36 43 25 22 30 21 23 47 9 33 49 26 18 44 45 45 26 41 19 1 19 39 39 11 15 43 16 47 30 23 49 17 2 31 3 32 23 33 10 16 42 11 21 38 46 16 46 35 8 35 17 44 11 46 9 26 23 31 50 40 44 29 41 35 9 7
35 30 10 30 35 37 26 35 1 35 20 30 12 16 40 45 8 48 17 24 50 49 22 29 30 44 16 15 22 9 18 23 44 12 49 26 18 34 32 43 15 26 14 3 15 46 47 11 26 40 15 8 47 16 29 40 34 4 36 1 9 31 7 14 1 38 45 42 2 49 45 25 35 34 22 29 50 6 15 12 7 24 2 34 29 34 4 47 16 2 42 28 47 35 41 36 41 47 27 17 45 8 14 3 31 6 11 50 41 12 15 30 18 13 3 38 36 35 34 41 41 19 14 48 42 9 11 28 7 16 16 2 35 25 50 45 35 50 8 50 34 19 47 15 27 38 1 50 13 14 49 3 27 29 19 43 9 16 1 13 2 34 31 33 43 44 30 45 45 38 49 40 49 47 16 30 50 5 38 3 37 28 26 7 14 27 30 34 25 27 16 15 29 2 30 28 9 22 18 41
40 50 45 3 32 30 7 39 26 25 14 44 37 6 24 17 16 26 27 41 13 35 11 5 17 17 15 1 19 22 3 42 19 42 22 29 33 40 12 38 35 34 5 36 40 44 25 47 49 25 50 24 9 3 39 37 8 15 18 37 41 17 29 45 11 45 9 4 7 35 15 22 21 19 15 32 1 50 20 13 21 13 21 12 6 13 28 19 37 23 42 45 37 48 42 16 50 16 49 23 16 10 12 33 17 3 14 44 29 39 43 32 12 43 45 44 30 6 16 35 12 19 47 21 13 19 44 21 48 43 36 41 10 21 22 38 19 30 10 9 42 45 36 40 8 10 7 26 8 44 47 49 1 3 33 16 42 37 23 3 25 13 5 21 6 5 6 6 1 2 16 47 2 25 49 4 48 38 17 31 29 43 48 43 33 25 13 29 16 26 47 29 23 23 11 50 41 34 33 22 30 15 28 38 27 31 14 43 34 33 42 36 22 4 49 39 22 39 40 26 7 28 15 30 11 44 38 33 10 29 21 6 30 11 47 9 10 13 7 11 50 30 49 13 36 13 6 6 48 39 27 25 29 21 40 30 34 45 31 3 47 22 3 12 11 39 41 16 35 4 28 38 9 14 49 1 18 4 15 2 1 38 41 33 9 38 11 50 14 29 21 10 30 20 30 40 21 37 24 5
