2
20 50
145 147 143 141 150 145 144 148 146 143 149 143 140 148 150 147 147 140 144 145 142 147 142 148 140 146 148 140 146 147 142 143 149 142 144 140 146 141 148 146 149 142 147 141 143 148 145 149 141 148
141 145 142 143 150 147 144 146 146 147 150 147 142 144 143 141 141 146 145 148 149 148 147 141 146 142 140 145 148 142 147 150 150 149 141 150 146 140 141 140 145 145 141 145 146 146 150 142 145 149
148 149 142 149 150 144 148 146 145 140 144 148 150 140 141 146 146 141 142 146 142 144 149 149 148 149 146 142 147 150 140 150 147 142 140 143 146 143 148 145 148 149 145 144 142 141 149 146 150 149
144 147 146 146 149 146 149 147 146 141 143 144 145 147 146 142 143 148 144 143 140 147 149 150 147 144 146 145 143 150 144 142 150 148 149 144 145 146 145 145 147 143 145 144 150 147 148 150 146 144
149 147 148 149 148 141 142 150 140 141 141 140 150 146 150 150 145 142 143 150 150 140 142 142 142 146 140 146 147 142 141 141 144 144 140 148 146 150 150 141 148 150 150 150 146 141 143 149 149 144
142 149 148 145 149 141 148 140 143 148 142 141 149 149 145 140 142 146 148 142 144 147 140 145 147 150 148 146 142 148 142 141 149 150 149 140 147 141 144 143 142 148 147 141 142 141 142 140 150 140
142 149 149 149 141 149 148 147 150 146 145 145 150 150 147 140 147 144 144 142 149 145 143 144 144 149 148 140 142 147 141 142 142 144 147 145 149 150 140 146 149 143 147 149 146 142 143 143 150 149
146 140 149 140 143 150 149 143 150 140 145 148 140 150 141 144 140 149 149 149 140 147 149 140 144 150 147 148 150 140 143 148 145 148 148 145 141 141 149 149 149 149 150 142 142 144 147 147 147 140
145 146 141 148 148 144 149 143 143 149 141 144 146 148 140 150 146 146 150 142 141 143 142 144 143 145 150 144 141 149 150 144 141 148 143 145 144 140 148 145 146 150 150 142 146 142 140 149 145 145
145 147 142 143 146 146 141 148 142 145 146 143 148 140 143 141 143 148 144 142 146 149 148 147 146 148 147 147 149 141 147 149 148 144 143 149 149 147 150 148 147 149 147 148 148 140 142 150 146 145
140 141 140 150 148 143 140 146 141 148 143 146 141 144 147 145 144 140 146 150 146 147 148 150 146 148 150 140 147 148 142 148 148 144 140 147 146 144 142 144 146 141 147 144 146 146 145 144 140 140
145 141 146 150 150 149 142 141 141 145 145 146 144 140 144 146 143 141 148 150 150 140 143 140 142 146 144 147 141 140 150 140 141 146 147 144 146 144 145 148 147 141 144 140 147 143 147 144 150 143
148 148 148 149 142 145 146 149 148 148 147 140 145 142 141 142 147 142 149 148 140 141 142 142 148 149 149 144 150 142 143 147 148 148 143 145 145 141 143 148 143 143 140 149 147 142 144 142 141 144
147 146 149 149 141 145 141 144 148 144 145 141 147 141 147 141 140 146 150 149 149 140 150 147 145 150 144 140 146 142 142 145 150 148 140 142 144 148 145 140 143 143 146 143 148 145 145 147 149 150
145 145 147 148 145 140 145 141 140 145 147 144 141 148 150 150 147 140 142 149 141 140 143 145 149 149 140 148 144 148 143 145 143 144 141 144 144 150 147 142 146 150 143 147 146 150 140 140 143 149
147 144 143 145 146 142 148 141 144 150 146 142 149 142 146 143 150 150 150 140 144 149 148 141 142 147 141 147 140 143 141 142 145 143 142 141 143 150 147 142 146 149 147 143 142 147 145 148 145 145
146 149 145 142 143 144 150 143 150 143 147 141 150 143 149 142 150 147 144 140 148 145 146 141 148 148 144 140 141 142 149 142 148 142 141 141 140 146 142 145 148 141 147 144 140 147 142 144 145 140
145 140 145 146 143 143 149 150 140 148 147 142 141 145 146 143 143 144 147 140 140 148 145 145 149 140 143 145 150 149 150 146 150 140 144 140 145 147 147 150 142 141 145 142 148 150 149 150 142 140
147 150 148 144 149 143 148 140 148 140 141 141 148 143 148 150 149 140 149 146 143 145 143 142 145 145 142 144 140 149 148 149 140 144 149 147 150 147 144 144 141 145 149 148 144 144 142 147 146 147
148 144 150 148 147 148 143 145 148 143 140 148 144 145 149 141 141 150 141 142 144 143 142 148 150 148 144 140 140 146 140 147 150 142 145 145 145 150 142 146 145 148 143 145 140 150 144 142 144 144
