5
50 50
67 79 76 87 66 90 68 63 86 87 87 93 60 65 70 59 98 84 79 85 66 83 57 64 91 81 84 79 61 61 74 66 65 89 79 59 96 96 61 83 87 88 98 57 59 97 66 68 91 97
88 93 90 52 58 78 57 74 74 59 68 54 70 91 67 70 90 85 95 52 54 83 81 98 74 87 84 68 69 61 69 50 72 84 56 58 59 74 75 66 97 61 74 99 67 63 50 85 99 84
86 54 65 78 57 73 62 58 69 64 96 92 85 50 78 90 57 54 97 72 72 66 58 90 64 75 92 81 75 91 75 57 94 75 90 93 57 69 99 74 91 94 68 97 76 65 75 63 77 88
74 89 66 87 59 59 86 66 89 95 69 93 56 89 73 65 96 76 68 86 66 70 64 75 67 76 51 59 69 76 79 57 88 69 66 84 90 72 65 86 96 74 64 78 78 85 51 63 86 68
93 91 85 94 61 62 52 78 91 68 79 73 64 92 70 64 74 53 91 91 53 58 84 62 89 67 63 83 50 55 64 56 81 95 75 91 88 70 59 60 75 59 76 97 69 87 57 58 85 91
62 91 65 62 65 80 63 78 59 50 71 50 58 50 81 54 68 72 55 55 88 98 77 88 67 58 50 75 60 86 58 71 79 64 88 54 53 97 65 91 85 87 82 88 85 51 88 79 76 95
74 82 92 79 83 73 55 82 60 78 65 67 98 91 61 98 58 90 61 72 88 91 64 50 66 52 63 84 90 70 55 89 98 86 99 72 82 62 56 61 95 75 52 95 54 74 68 84 72 59
78 63 57 82 52 79 67 63 98 63 70 61 51 67 70 89 62 75 50 65 80 78 85 97 53 78 60 89 56 66 93 90 98 64 63 72 87 82 96 54 93 84 65 74 61 95 80 72 80 95
91 51 78 74 57 94 66 76 57 59 70 84 79 73 67 74 71 60 97 86 91 60 88 61 50 79 93 91 62 91 52 70 67 67 72 77 60 51 93 89 83 75 71 76 66 69 90 95 56 99
80 56 95 69 62 73 86 65 57 95 61 51 57 73 98 86 67 50 56 60 67 78 75 63 84 98 64 75 66 80 75 87 82 80 79 74 86 96 88 58 85 53 55 59 50 78 70 54 53 89
50 87 78 62 82 56 52 80 91 60 92 70 51 52 72 71 79 63 80 67 62 73 55 94 64 63 74 93 67 91 67 78 94 68 93 99 97 55 88 58 71 99 70 56 67 67 56 80 53 87
64 96 94 95 52 62 60 73 62 77 78 97 72 70 98 89 98 94 75 86 89 71 71 60 81 97 98 91 88 82 58 56 77 69 57 63 62 63 55 59 94 86 95 75 60 56 71 56 58 89
77 92 63 64 69 92 71 65 66 59 52 97 96 79 57 90 54 70 54 94 69 86 96 79 69 81 67 82 75 78 75 71 55 68 74 84 77 55 60 80 90 98 81 56 78 76 53 87 73 81
53 54 67 98 88 95 55 81 76 72 89 58 74 72 56 58 92 81 88 67 54 98 53 62 58 96 64 97 90 70 78 96 63 58 59 73 65 92 54 64 71 53 53 84 89 85 56 86 99 72
80 54 55 70 74 99 56 97 84 70 65 78 95 88 79 51 60 70 94 82 78 56 50 88 57 89 66 52 73 81 86 98 64 74 66 70 67 58 67 92 69 60 92 67 82 92 60 86 78 51
99 67 55 59 87 89 76 98 72 86 62 88 54 64 71 73 75 85 70 65 59 93 69 90 72 58 70 89 94 97 76 56 93 55 96 51 59 97 89 94 55 73 69 96 68 51 92 83 80 81
55 89 50 73 95 76 63 54 85 53 71 65 55 59 93 69 59 81 52 66 65 69 62 67 88 80 88 55 75 50 84 75 68 85 54 61 89 69 99 58 62 71 87 93 62 54 54 80 57 65
71 73 97 57 84 53 81 60 86 66 60 53 61 93 58 81 62 91 96 51 52 94 85 88 67 55 99 63 93 78 60 89 89 76 62 86 57 79 52 59 80 53 79 92 59 72 83 50 92 84
67 55 70 88 70 85 91 89 60 95 61 53 72 54 60 72 70 59 93 79 89 70 98 90 55 55 80 59 85 67 56 85 50 90 54 72 55 73 81 83 60 89 77 95 92 94 74 53 76 68
88 61 56 62 89 96 71 69 95 86 69 87 88 82 53 79 55 80 52 96 51 82 75 60 55 97 60 53 60 92 88 73 97 95 57 94 80 93 64 95 77 67 65 97 71 59 61 80 77 54
88 67 71 77 72 76 72 62 54 73 59 58 75 52 75 69 96 60 95 83 52 79 90 71 72 55 80 83 89 68 93 56 74 50 61 63 96 89 52 83 62 58 98 64 90 94 71 77 91 76
79 71 82 69 85 98 95 68 82 52 80 93 78 61 59 98 86 64 99 63 50 93 61 86 92 89 91 72 87 75 96 79 70 87 88 64 69 97 51 71 90 77 84 58 56 79 54 65 89 90
68 89 71 69 85 80 74 78 94 53 65 74 67 60 55 96 72 80 55 56 90 97 82 93 85 76 52 74 83 88 65 92 72 61 59 54 93 95 51 90 83 90 76 76 70 69 52 60 81 83
57 61 92 86 76 63 83 79 63 59 70 55 90 66 59 84 58 66 76 79 70 94 69 74 91 57 92 51 75 80 92 66 95 58 89 63 65 83 72 88 69 55 84 95 64 89 52 90 67 72
64 50 58 55 97 54 60 57 98 88 54 80 79 98 78 77 82 54 58 70 65 80 82 84 62 99 54 76 99 86 87 60 69 73 78 68 72 94 90 65 57 92 72 81 97 71 72 52 60 98
51 68 84 98 93 97 93 91 96 79 89 58 84 86 76 95 87 95 88 82 63 73 50 64 59 69 56 76 98 69 98 93 51 82 81 86 94 97 76 56 81 89 82 98 51 93 53 90 79 64
75 67 50 60 99 63 81 67 78 70 51 62 58 95 92 80 64 99 63 74 98 64 76 63 57 51 50 87 84 91 98 95 87 97 75 84 51 85 52 80 69 74 80 62 57 92 86 94 52 91
71 68 91 80 52 60 87 67 58 74 83 92 79 51 56 88 62 95 88 96 83 69 97 85 87 58 68 86 91 87 60 62 69 74 96 58 52 81 93 89 65 89 85 99 67 97 76 96 90 96
70 94 83 54 91 75 80 55 84 83 60 97 74 92 66 87 62 67 69 50 55 63 93 72 70 82 73 65 57 67 70 99 56 58 81 61 65 50 84 88 59 70 76 93 56 61 50 66 96 67
82 51 75 63 70 79 58 52 78 77 88 66 73 56 63 84 79 99 52 85 61 64 52 79 64 66 96 61 63 72 93 73 56 92 93 83 52 62 82 80 81 74 53 97 54 93 51 66 61 55
92 80 63 71 99 68 65 98 65 51 82 86 81 62 86 75 75 73 62 55 81 66 66 50 93 77 96 58 72 63 56 67 80 53 87 51 88 80 98 73 91 60 92 96 98 59 98 87 67 61
77 55 62 76 82 56 67 75 94 80 91 54 88 57 97 95 64 95 85 72 79 99 73 90 95 66 53 52 94 84 52 72 58 58 96 99 52 51 65 87 55 55 58 52 75 94 94 93 53 54
78 73 67 62 70 60 68 56 80 59 95 67 54 69 52 82 52 90 88 59 59 74 74 72 77 92 67 54 85 90 92 88 98 59 83 60 69 51 75 93 74 60 78 75 86 58 79 68 54 69
63 54 88 69 79 51 87 71 80 77 91 93 52 89 86 64 87 71 65 68 94 96 59 59 63 95 55 65 88 85 84 60 59 84 92 80 75 69 51 89 62 63 74 95 62 76 82 86 86 55
84 59 96 55 65 51 54 91 61 63 55 96 72 71 71 81 61 94 66 88 57 85 85 58 82 76 98 70 95 59 88 59 77 65 97 62 83 91 91 85 73 63 70 63 71 54 98 93 90 78
90 97 94 77 98 62 53 92 64 93 53 54 73 56 84 94 66 87 61 66 72 77 79 85 60 62 57 76 58 53 63 93 97 92 63 99 85 76 77 81 54 52 56 81 54 63 78 78 87 62
99 72 93 64 91 74 60 57 86 51 53 61 71 63 55 53 89 79 86 50 78 72 89 51 92 50 71 77 80 87 83 73 52 84 69 53 79 63 95 61 89 94 93 81 58 74 73 70 56 80
66 75 67 62 98 75 87 98 54 93 86 83 98 88 73 66 64 54 70 52 83 56 89 68 87 65 57 96 64 80 87 65 62 66 72 51 93 71 61 92 54 96 84 83 52 80 55 84 72 92
63 87 65 74 61 51 70 75 56 96 90 93 57 81 73 98 81 77 97 51 94 74 52 61 69 78 78 90 68 89 71 60 54 93 84 59 96 99 73 62 54 99 91 51 69 58 52 50 82 78
99 52 66 97 81 50 86 57 54 98 53 51 71 62 75 50 93 84 83 78 79 56 86 53 89 93 83 69 51 96 97 72 51 60 84 70 67 98 65 52 93 56 79 96 56 83 81 55 82 54
50 89 79 88 74 86 52 99 55 56 73 95 62 81 55 59 70 90 63 95 78 89 98 77 97 96 63 64 67 91 56 87 69 95 58 60 58 63 63 63 85 82 99 97 81 77 86 98 90 94
79 87 57 65 94 88 84 74 51 76 59 67 59 78 69 70 60 64 62 85 87 64 81 78 90 54 86 90 85 99 66 58 69 50 89 60 93 86 80 60 85 94 94 65 93 75 62 62 93 90
69 58 96 82 50 94 51 91 55 77 55 88 63 68 82 73 90 61 91 59 65 81 69 91 59 95 78 96 68 84 92 54 71 69 58 71 62 59 54 52 86 98 88 56 58 55 74 82 74 77
82 86 56 55 92 71 65 71 55 75 71 70 81 86 92 65 78 65 84 90 59 96 90 99 77 88 70 59 77 63 58 69 62 71 75 51 70 87 50 85 61 73 60 64 86 55 51 62 71 55
93 99 52 65 75 70 54 59 53 99 68 66 56 74 99 84 67 56 97 53 71 57 68 92 69 68 54 57 94 84 96 90 56 93 84 58 55 63 98 82 56 90 77 88 99 91 84 88 69 84
54 50 93 91 53 55 69 74 86 73 59 65 86 70 93 51 79 63 81 93 84 54 69 99 77 84 72 77 66 96 88 98 65 67 98 93 57 84 64 74 83 89 56 92 74 85 53 70 73 66
51 89 90 52 71 86 93 51 74 59 91 57 61 84 59 87 85 70 78 61 85 85 87 97 90 56 73 98 94 87 58 86 72 53 99 87 60 78 93 74 70 92 76 68 59 80 61 70 51 91
61 79 90 80 81 55 77 60 93 91 59 75 56 71 80 90 70 94 50 72 87 97 77 59 71 65 52 58 88 78 88 88 91 79 64 68 63 81 96 94 70 88 99 63 92 70 56 62 68 86
62 76 67 69 77 66 66 62 74 55 63 51 93 68 55 63 65 96 51 72 70 88 96 91 76 88 55 84 95 74 57 65 81 63 77 90 93 74 82 83 50 79 78 93 59 61 92 73 78 64
95 98 84 84 53 69 87 97 86 73 81 73 57 61 50 82 70 89 77 92 80 57 53 73 50 53 99 81 94 83 65 84 94 80 70 95 54 62 82 62 67 54 85 71 76 76 89 69 88 92
