4
50 50
12 48 49 48 15 23 44 20 27 46 33 37 48 41 32 14 19 23 43 30 47 48 32 17 15 47 39 47 31 43 30 36 41 16 36 47 34 32 37 40 34 48 32 18 47 12 26 18 34 43
27 48 17 28 46 37 39 42 20 16 29 34 25 48 44 24 30 13 19 14 26 44 24 15 45 16 44 31 33 41 48 28 30 49 12 25 49 21 35 37 43 27 31 27 18 28 27 23 32 28
16 48 29 21 32 48 16 12 46 19 35 39 28 40 48 15 34 37 21 24 39 48 27 36 29 12 18 15 35 24 32 31 41 15 40 35 49 44 11 40 49 28 21 23 42 46 22 33 18 19
22 45 32 21 42 30 40 22 26 40 42 41 13 35 35 21 34 21 20 27 25 16 28 46 12 45 27 28 17 43 39 16 24 48 28 16 41 16 37 21 47 37 24 28 45 45 35 37 17 25
27 35 22 33 22 25 49 17 32 46 32 12 15 25 41 36 31 14 21 26 12 13 45 47 32 14 45 14 28 36 40 24 12 40 33 29 45 48 39 29 45 11 11 48 23 17 24 29 34 42
38 20 43 36 31 45 26 48 14 44 19 22 29 34 32 12 46 11 36 12 41 35 12 23 27 18 30 11 16 32 13 26 15 14 42 28 44 35 35 14 23 12 39 18 34 46 11 13 26 12
34 43 21 39 37 48 47 16 34 18 12 17 36 31 41 38 48 23 20 26 49 24 49 42 40 33 38 17 14 48 12 37 16 37 26 14 15 47 31 17 25 39 18 14 13 12 39 27 45 33
34 42 20 17 28 18 46 15 19 18 46 27 39 17 30 35 37 34 25 45 46 35 21 39 38 32 15 43 40 28 24 43 20 24 46 25 12 15 34 33 23 47 12 21 46 23 49 42 16 36
34 25 13 45 33 32 12 17 16 14 12 49 47 48 11 16 19 43 17 11 26 36 42 24 41 36 11 39 35 23 29 45 41 49 24 26 42 38 16 25 19 30 42 42 11 20 17 47 33 49
23 31 39 31 26 21 36 16 14 45 25 48 33 27 40 27 43 34 48 41 41 22 28 23 22 32 29 37 14 29 45 39 46 31 37 29 13 49 31 38 12 46 44 21 17 12 49 14 11 34
12 42 33 41 33 36 47 43 19 30 31 43 33 22 30 15 33 49 39 16 21 32 46 30 43 40 41 46 16 23 36 48 43 48 19 36 28 32 22 47 23 34 35 12 18 37 23 39 35 13
42 30 31 29 41 47 14 27 36 48 36 47 48 33 47 21 34 20 14 37 30 12 49 48 32 25 44 38 46 37 11 25 49 24 24 18 26 25 22 13 22 15 38 30 24 42 45 12 31 41
35 21 28 49 37 48 37 32 41 27 22 25 45 46 32 22 33 25 14 43 36 32 46 40 17 32 42 30 19 31 36 25 43 11 14 32 20 44 23 15 38 15 25 44 25 44 25 41 21 23
38 16 46 17 21 36 23 27 18 22 27 47 19 22 18 38 34 26 18 27 30 37 14 32 35 16 13 34 25 26 44 19 17 26 36 16 47 36 33 29 36 11 11 20 30 26 19 48 12 47
15 47 48 34 34 16 34 33 32 43 34 37 34 30 29 22 47 34 41 37 37 35 12 18 17 16 13 46 27 23 27 35 12 16 20 46 49 30 11 44 44 29 35 37 18 13 29 33 42 35
46 26 15 18 25 37 33 26 20 40 38 39 46 25 43 22 44 11 11 24 29 12 35 34 19 32 43 34 49 30 17 15 21 27 15 35 31 14 48 13 42 29 14 38 20 14 17 18 42 14
15 33 31 31 49 22 22 40 37 26 36 29 20 21 20 21 44 30 31 29 46 38 46 37 16 21 49 32 47 42 20 22 37 39 35 15 21 28 17 40 13 42 28 20 36 36 13 25 26 39
46 36 14 40 48 43 39 26 21 41 46 33 39 24 11 19 47 15 21 18 15 30 13 20 21 49 35 26 12 29 42 28 26 13 34 30 12 15 19 23 20 42 13 36 48 43 40 34 31 26
31 24 34 26 45 39 31 23 33 41 38 39 17 34 48 31 22 14 28 18 25 11 30 25 16 20 43 44 44 24 14 20 35 21 42 20 24 41 27 49 38 18 36 24 13 45 19 34 42 38
49 49 29 39 45 48 42 15 37 26 29 14 14 49 16 31 41 25 27 13 28 35 21 25 39 31 20 37 21 45 37 20 30 23 38 14 37 29 22 33 17 45 17 15 26 21 31 46 38 27
11 16 26 14 49 15 11 35 27 44 39 24 24 28 45 36 36 41 13 36 43 11 37 23 49 16 45 30 44 32 30 15 30 33 18 23 30 21 30 38 47 44 31 32 11 48 31 48 16 37
18 35 21 40 44 48 44 40 23 47 32 35 39 46 12 31 45 49 12 16 30 33 37 32 26 16 48 32 12 32 49 22 38 37 22 34 44 19 49 24 37 25 28 42 18 37 31 36 15 43
23 48 17 36 34 44 32 21 13 48 22 41 48 34 28 48 31 12 24 47 46 16 39 39 36 39 32 45 27 43 13 17 44 37 38 32 13 42 37 47 21 36 21 36 46 12 37 42 20 21
43 42 42 17 19 44 43 19 35 28 19 33 20 34 40 25 19 44 48 29 40 27 18 37 25 19 33 38 15 45 34 33 45 23 29 45 20 32 29 31 34 12 19 39 46 24 30 11 18 44
18 29 23 33 23 45 40 21 35 21 11 43 27 24 24 30 18 40 20 45 22 36 11 15 39 33 43 34 44 23 31 44 44 14 21 42 20 14 43 42 36 47 13 18 29 19 22 30 21 11
27 46 14 30 33 46 19 44 37 17 40 18 36 22 38 13 23 46 40 31 38 11 23 27 39 41 13 23 11 45 12 34 26 43 34 36 46 20 22 18 43 29 14 20 19 49 32 41 32 26
41 22 32 30 36 17 17 20 15 37 41 29 21 40 35 45 18 41 28 15 30 29 47 23 48 37 23 37 38 43 28 42 36 46 33 44 43 36 15 46 42 40 26 17 25 36 47 40 30 46
17 24 14 13 18 14 20 38 40 18 36 31 15 24 21 39 27 31 47 29 11 46 37 35 38 14 49 39 28 44 41 31 39 30 49 27 18 27 40 23 27 43 38 13 20 24 29 12 25 26
45 19 22 34 44 37 12 18 32 25 14 37 48 25 19 13 20 11 33 27 36 33 45 40 42 42 47 24 33 27 27 29 40 22 20 13 35 36 18 40 41 43 19 18 38 11 31 18 24 49
25 31 13 11 21 44 49 38 18 27 41 49 41 38 39 43 46 32 31 21 45 46 19 12 23 47 36 12 20 19 38 40 44 37 32 37 42 42 39 27 19 33 21 42 30 35 28 38 18 44
30 49 30 20 32 46 27 48 17 20 45 14 44 30 36 29 33 32 30 39 35 28 35 44 49 16 24 21 35 20 12 45 28 12 39 13 46 24 28 46 11 11 25 12 23 38 18 33 31 21
29 34 41 43 33 17 44 17 30 18 22 13 13 19 42 21 13 45 30 33 20 35 32 25 31 24 49 33 11 42 13 20 46 35 14 49 31 15 25 22 11 36 13 33 24 17 18 17 47 25
29 24 24 29 14 11 48 35 23 12 47 42 27 23 34 36 15 48 29 28 48 49 47 28 31 37 49 11 41 12 28 43 12 30 33 26 38 21 21 19 48 38 43 32 20 44 47 23 41 40
43 48 44 27 38 22 39 12 25 31 27 39 19 32 20 37 35 15 30 38 29 37 42 37 32 23 32 43 18 35 28 19 25 32 48 34 12 47 45 39 28 14 24 33 21 46 11 24 43 34
20 11 35 39 22 18 44 24 12 12 39 25 47 39 20 42 26 35 41 41 44 35 30 37 40 23 44 15 22 15 29 14 41 24 15 16 22 39 12 26 34 41 37 28 48 44 20 41 26 32
30 29 36 33 25 46 18 40 28 39 44 27 42 35 20 16 17 18 12 39 44 33 18 27 47 38 12 26 41 42 45 15 29 29 39 15 33 42 18 24 41 24 25 18 21 25 44 25 39 16
14 44 42 22 24 36 20 34 39 41 28 13 22 40 18 18 23 34 41 45 40 16 23 31 14 18 40 24 49 35 11 30 35 32 17 17 18 35 35 49 19 31 35 37 34 37 28 37 12 26
42 44 26 36 45 14 37 32 17 31 47 37 17 36 48 43 26 34 28 31 21 32 49 38 20 26 19 19 24 21 25 27 22 20 49 27 32 40 43 34 12 12 45 27 11 27 38 37 39 19
45 16 17 42 16 29 23 39 29 37 38 44 47 23 22 27 21 40 22 26 23 26 21 21 34 17 31 43 37 35 38 40 11 21 28 33 12 19 47 19 42 43 12 16 35 47 48 33 12 43
23 27 29 48 47 24 20 14 26 11 24 24 41 39 31 34 47 24 19 11 14 43 29 32 44 14 23 40 47 36 30 44 13 26 31 19 37 22 15 12 25 40 23 13 33 37 36 44 40 18
45 34 23 13 20 11 37 34 40 28 32 48 21 21 46 21 41 45 29 49 33 12 48 25 36 42 47 30 21 31 28 47 15 41 29 17 17 35 20 49 20 27 20 41 11 21 25 45 22 35
30 47 18 11 20 24 30 27 19 36 13 25 20 32 20 33 40 32 13 22 35 31 48 14 20 14 34 35 22 24 44 22 12 19 15 28 42 20 21 24 16 35 47 47 39 24 31 45 48 46
46 16 42 47 19 47 39 43 29 14 30 30 22 34 49 48 38 40 43 38 28 44 20 12 18 34 11 34 47 12 11 47 11 21 22 40 17 42 43 15 30 22 45 11 11 35 48 49 15 42
17 21 18 34 21 21 15 13 45 31 12 21 43 41 15 38 45 13 34 42 21 35 39 16 21 15 33 22 13 32 32 41 31 41 24 21 25 15 35 32 26 11 40 46 29 48 41 18 12 26
41 21 33 17 16 25 39 38 21 47 30 11 40 48 45 15 28 46 16 14 22 15 20 35 18 27 12 15 41 48 29 11 11 33 22 35 12 40 39 25 36 33 48 19 19 43 45 12 28 33
32 34 21 49 11 44 24 49 36 17 44 16 27 14 32 45 40 11 14 46 34 35 38 43 48 43 44 11 48 16 13 45 27 31 37 20 26 41 33 34 30 30 41 28 22 37 32 35 32 40
40 25 48 45 32 17 42 18 17 45 49 25 15 33 24 43 41 42 13 31 48 49 12 33 14 37 47 27 15 40 16 23 37 19 13 49 16 44 32 30 45 21 45 33 22 17 12 38 26 34
11 49 23 44 31 44 20 24 30 27 17 34 27 32 16 14 31 19 25 17 46 49 34 25 29 41 18 27 44 18 22 32 25 16 29 12 16 29 38 38 40 36 47 37 33 30 36 17 14 22
48 38 37 26 45 39 24 33 36 48 34 13 29 48 33 18 37 23 29 12 33 39 25 40 11 32 15 26 38 20 35 23 41 22 48 11 21 11 48 44 49 45 48 35 22 43 15 27 39 49
22 21 49 21 24 11 40 32 22 48 28 12 38 30 37 26 22 32 47 16 15 31 15 43 12 20 26 18 34 40 14 40 28 34 33 17 32 23 12 29 35 26 43 17 33 39 32 43 30 11
